Time [s],Gauge Pressure,Inspiratory differenrtial pressure,Expiratory differenrtial pressure
0,10853,8175,8180
0.019283999999999,10850,8175,8182
0.0245449999999963,10850,8175,8182
0.0256609999999995,10850,8175,8182
0.0338679999999982,10856,8175,8182
0.0425570000000022,10858,8175,8180
0.0542719999999974,10866,8175,8185
0.0629080000000002,10884,8175,8182
0.0745500000000021,10901,8175,8180
0.0836249999999978,10914,8175,8185
0.0945150000000012,10942,8175,8185
0.103734000000003,10965,8175,8182
0.112341000000001,10976,8175,8180
0.121381,11003,8175,8185
0.132002,11023,8175,8182
0.139981999999996,11042,8178,8180
0.150021000000002,11054,8178,8180
0.163831000000002,11066,8178,8182
0.172871999999998,11082,8178,8182
0.183937999999998,11093,8178,8182
0.195272000000003,11104,8178,8182
0.201312999999999,11109,8178,8182
0.21219,11117,8178,8182
0.223391999999997,11125,8178,8182
0.234592999999997,11132,8178,8182
0.241047000000002,11132,8175,8182
0.252321000000002,11137,8175,8182
0.263992999999999,11137,8175,8180
0.275157,11140,8175,8182
0.281376000000002,11140,8175,8182
0.293064999999999,11140,8175,8185
0.304429999999996,11140,8175,8185
0.313670000000002,11142,8175,8185
0.324387000000002,11146,8175,8185
0.330872999999997,11146,8173,8182
0.342064999999998,11149,8175,8182
0.352510000000002,11149,8178,8182
0.361635999999997,11149,8175,8182
0.373047999999997,11149,8178,8180
0.382131999999999,11146,8178,8182
0.393793000000002,11146,8175,8182
0.402737000000002,11146,8178,8182
0.410739999999997,11146,8178,8180
0.422226999999999,11140,8178,8180
0.433779000000001,11142,8178,8182
0.444836000000002,11137,8178,8182
0.451405999999999,11140,8178,8182
0.462251000000002,11137,8178,8182
0.473393000000002,11137,8178,8185
0.483871999999998,11134,8178,8182
0.492525000000001,11134,8178,8182
0.501528999999998,11137,8178,8185
0.512881999999998,11137,8178,8182
0.522002000000001,11140,8178,8180
0.532761999999998,11137,8178,8185
0.541044999999997,11140,8178,8182
0.552041000000003,11137,8178,8182
0.56344,11137,8175,8185
0.572322,11142,8175,8182
0.583520999999998,11149,8175,8182
0.592649999999999,11157,8175,8182
0.604371999999998,11165,8175,8180
0.610821000000001,11168,8173,8182
0.622084000000001,11180,8175,8180
0.630952000000001,11191,8175,8180
0.641835,11199,8175,8182
0.652079000000001,11207,8175,8182
0.661188000000003,11220,8178,8182
0.673000000000002,11228,8178,8180
0.681582999999996,11241,8175,8182
0.693252000000001,11249,8175,8185
0.704464999999999,11260,8178,8182
0.710895000000001,11268,8178,8182
0.722076999999999,11279,8178,8182
0.730480999999997,11285,8178,8180
0.740619000000002,11296,8178,8185
0.796258999999999,11305,8178,8185
0.797466,11310,8178,8182
0.801552999999998,11321,8175,8180
0.803359,11324,8178,8180
0.803984,11329,8178,8185
0.805266000000003,11329,8178,8187
0.814107999999997,11336,8178,8185
0.820050999999999,11336,8178,8182
0.833685000000003,11339,8178,8182
0.841523000000002,11339,8175,8182
0.850459000000001,11342,8178,8185
0.861491000000001,11342,8178,8182
0.870717999999997,11344,8175,8180
0.882378000000003,11347,8178,8182
0.891177999999996,11350,8178,8182
0.902572999999997,11353,8178,8182
0.911586999999997,11358,8175,8180
0.920192,11355,8178,8182
0.931539999999998,11355,8178,8182
0.942811999999996,11355,8175,8182
0.951098999999999,11355,8178,8182
0.961531999999998,11358,8178,8185
0.970533000000003,11355,8178,8180
0.982241000000002,11358,8178,8182
0.993920000000003,11358,8178,8182
1.000407,11353,8175,8182
1.012139,11347,8178,8185
1.021034,11342,8178,8182
1.032552,11329,8178,8185
1.040679,11324,8175,8182
1.052339,11318,8178,8180
1.060477,11313,8178,8182
1.072175,11307,8178,8180
1.083806,11296,8175,8182
1.090382,11287,8175,8182
1.102188,11279,8175,8182
1.111267,11276,8175,8182
1.122852,11266,8175,8180
1.131249,11258,8173,8182
1.14278,11255,8175,8185
1.153585,11241,8175,8182
1.159988,11231,8175,8182
1.173778,11223,8175,8182
1.180339,11218,8175,8180
1.191179,11212,8178,8182
1.200282,11201,8178,8182
1.212062,11201,8178,8180
1.221203,11193,8178,8182
1.232878,11196,8178,8180
1.241912,11188,8178,8180
1.253269,11188,8178,8182
1.259716,11188,8178,8182
1.27092,11185,8178,8182
1.279509,11185,8178,8182
1.290876,11191,8175,8182
1.303964,11188,8175,8182
1.312788,11196,8175,8182
1.319178,11199,8175,8182
1.333445,11207,8175,8182
1.339939,11207,8175,8182
1.351679,11207,8175,8180
1.360389,11209,8175,8182
1.372175,11212,8175,8182
1.378589,11209,8175,8180
1.389467,11215,8175,8185
1.399954,11215,8175,8182
1.411182,11215,8175,8182
1.422763,11212,8173,8182
1.428826,11215,8173,8182
1.442473,11209,8175,8182
1.451317,11207,8173,8182
1.462392,11199,8175,8185
1.472723,11193,8175,8182
1.480583,11188,8175,8182
1.490771,11180,8175,8180
1.502119,11171,8178,8180
1.513365,11162,8178,8182
1.519861,11157,8178,8180
1.531562,11152,8178,8180
1.540128,11146,8178,8180
1.551749,11140,8178,8180
1.560117,11137,8178,8180
1.569188,11132,8178,8182
1.580862,11132,8178,8182
1.591656,11120,8178,8182
1.600175,11114,8178,8182
1.611916,11112,8178,8182
1.62057,11109,8178,8182
1.629242,11101,8178,8182
1.643061,11098,8175,8180
1.649632,11090,8178,8185
1.661015,11087,8178,8182
1.670142,11085,8178,8182
1.681371,11082,8178,8182
1.690432,11079,8175,8180
1.701835,11082,8178,8180
1.71047,11079,8178,8182
1.722104,11082,8178,8185
1.730782,11085,8178,8182
1.741759,11085,8178,8182
1.752413,11087,8178,8182
1.761515,11087,8178,8180
1.772514,11085,8178,8180
1.777813,11085,8178,8180
1.789132,11085,8178,8182
1.800447,11085,8178,8180
1.811266,11085,8178,8180
1.817538,11087,8175,8182
1.831833,11093,8175,8182
1.838396,11093,8175,8182
1.852349,11095,8175,8182
1.858762,11095,8175,8180
1.86982,11098,8173,8180
1.880204,11098,8175,8182
1.888983,11095,8175,8182
1.900194,11098,8175,8182
1.908783,11095,8175,8180
1.920118,11095,8178,8185
1.929021,11098,8178,8180
1.940275,11095,8178,8182
1.951555,11098,8178,8182
1.960571,11104,8178,8180
1.971991,11104,8178,8182
1.981212,11109,8178,8180
1.990086,11109,8178,8182
1.998894,11112,8178,8182
2.010499,11112,8178,8182
2.021714,11117,8181,8185
2.028196,11123,8181,8182
2.041887,11123,8181,8182
2.050588,11125,8181,8182
2.062145,11123,8181,8185
2.068612,11123,8181,8182
2.080162,11120,8181,8182
2.088364,11120,8181,8182
2.099782,11117,8181,8182
2.111081,11117,8181,8180
2.120181,11112,8181,8182
2.131429,11112,8175,8180
2.13971,11112,8175,8180
2.150281,11112,8175,8182
2.158945,11109,8175,8182
2.169712,11106,8175,8182
2.178888,11106,8173,8182
2.190281,11104,8175,8182
2.199116,11106,8173,8180
2.210732,11106,8175,8182
2.218986,11109,8175,8180
2.230468,11112,8178,8182
2.240987,11120,8178,8180
2.249752,11123,8178,8182
2.260406,11128,8178,8180
2.271652,11137,8178,8185
2.280366,11140,8178,8182
2.288807,11149,8178,8180
2.297615,11149,8178,8185
2.312419,11154,8178,8182
2.321486,11160,8178,8182
2.328026,11160,8178,8180
2.338905,11154,8175,8182
2.347953,11154,8175,8185
2.361618,11149,8175,8182
2.368145,11142,8175,8180
2.379826,11134,8175,8182
2.39096,11123,8175,8180
2.400046,11112,8175,8182
2.411273,11104,8175,8182
2.420047,11095,8175,8180
2.431414,11087,8175,8182
2.440335,11079,8175,8182
2.451725,11071,8175,8182
2.458119,11063,8175,8180
2.469477,11057,8175,8182
2.481195,11050,8175,8185
2.490284,11042,8175,8182
2.499417,11037,8175,8180
2.508584,11028,8175,8180
2.51992,11023,8175,8182
2.531425,11015,8175,8182
2.537892,11015,8175,8182
2.549103,11011,8175,8182
2.557853,11011,8175,8182
2.569033,11003,8175,8182
2.577769,11000,8175,8185
2.589501,10998,8175,8182
2.600557,10992,8175,8182
2.609626,10987,8173,8182
2.621325,10987,8175,8182
2.627788,10981,8175,8180
2.639477,10976,8175,8182
2.650157,10971,8178,8182
2.660833,10965,8175,8182
2.667426,10955,8178,8180
2.681273,10942,8178,8185
2.687737,10936,8178,8182
2.698986,10925,8178,8180
2.708118,10909,8178,8180
2.719514,10898,8175,8182
2.728622,10881,8178,8180
2.740114,10866,8178,8182
2.748778,10856,8178,8182
2.75893,10850,8175,8182
2.76825,10833,8175,8182
2.77747,10828,8175,8182
2.790547,10819,8178,8180
2.799237,10811,8175,8177
2.807602,10806,8175,8180
2.81924,10795,8175,8180
2.83137,10790,8175,8180
2.837843,10784,8175,8180
2.848427,10771,8175,8180
2.857512,10761,8175,8180
2.868686,10755,8175,8182
2.879855,10747,8175,8182
2.887898,10742,8175,8182
2.89898,10739,8175,8180
2.910523,10731,8175,8180
2.919118,10725,8173,8185
2.928181,10719,8173,8185
2.937323,10719,8175,8180
2.948503,10711,8175,8180
2.959744,10711,8175,8182
2.968796,10703,8175,8177
2.980593,10703,8175,8180
2.98969,10700,8175,8180
3.001058,10695,8175,8182
3.007615,10695,8175,8182
3.019329,10689,8175,8180
3.02811,10689,8175,8180
3.039792,10695,8175,8180
3.050943,10689,8175,8182
3.057424,10686,8175,8180
3.069084,10684,8178,8180
3.078122,10677,8178,8180
3.089387,10672,8178,8177
3.097793,10665,8178,8182
3.109533,10660,8178,8182
3.12078,10655,8178,8180
3.129864,10652,8178,8180
3.137976,10649,8178,8180
3.147096,10647,8178,8182
3.158157,10647,8178,8182
3.169925,10644,8175,8182
3.176034,10647,8178,8180
3.189095,10644,8178,8180
3.197682,10644,8178,8182
3.209335,10644,8178,8180
3.220254,10633,8178,8180
3.226749,10638,8178,8182
3.237817,10636,8178,8180
3.24905,10633,8178,8177
3.260741,10636,8178,8182
3.267209,10630,8178,8180
3.27879,10625,8175,8182
3.287803,10622,8175,8182
3.298812,10625,8175,8180
3.308508,10619,8175,8182
3.320124,10619,8175,8182
3.329653,10614,8175,8182
3.338315,10614,8175,8180
3.349621,10609,8175,8182
3.35874,10606,8175,8182
3.369816,10603,8175,8182
3.378854,10597,8175,8182
3.390414,10591,8178,8180
3.396862,10585,8178,8180
3.408188,10577,8178,8182
3.417262,10571,8178,8180
3.428845,10566,8178,8182
3.437931,10558,8178,8180
3.449691,10552,8178,8180
3.458756,10547,8178,8182
3.469508,10541,8178,8180
3.476011,10535,8178,8182
3.489992,10527,8178,8177
3.499055,10519,8178,8180
3.507821,10514,8178,8177
3.516821,10503,8178,8180
3.528738,10494,8178,8177
3.53837,10487,8175,8182
3.546954,10479,8178,8180
3.558673,10471,8178,8180
3.569711,10463,8178,8185
3.578792,10457,8178,8180
3.587844,10455,8178,8182
3.596619,10447,8178,8180
3.608241,10438,8178,8180
3.617235,10430,8178,8180
3.62883,10430,8178,8180
3.639503,10428,8178,8180
3.645714,10416,8178,8182
3.659599,10413,8178,8180
3.666138,10408,8178,8180
3.677505,10399,8178,8180
3.689234,10399,8178,8180
3.698121,10393,8175,8182
3.707144,10388,8175,8182
3.718872,10382,8175,8180
3.727622,10374,8175,8180
3.737443,10369,8175,8182
3.744985,10363,8173,8182
3.758248,10360,8175,8182
3.768001,10354,8173,8180
3.777936,10343,8175,8180
3.786163,10341,8175,8180
3.799758,10338,8175,8180
3.805728,10330,8178,8182
3.817352,10330,8178,8180
3.826197,10324,8178,8180
3.837916,10319,8178,8180
3.8463,10310,8178,8180
3.859265,10310,8178,8180
3.865533,10303,8178,8182
3.875957,10298,8181,8180
3.888908,10293,8178,8180
3.897691,10293,8178,8180
3.906695,10285,8175,8180
3.916873,10279,8175,8180
3.927824,10279,8175,8180
3.938545,10271,8175,8182
3.944316,10271,8175,8180
3.955708,10263,8175,8182
3.969086,10260,8175,8182
3.977286,10255,8175,8180
3.986065,10255,8175,8182
3.99657,10252,8175,8180
4.0074,10247,8175,8182
4.018786,10247,8175,8177
4.026791,10244,8175,8180
4.035668,10238,8175,8180
4.046115,10236,8175,8182
4.057492,10224,8175,8182
4.068854,10218,8175,8180
4.074809,10212,8175,8180
4.088252,10207,8175,8182
4.096732,10199,8175,8180
4.106996,10199,8175,8180
4.115976,10193,8175,8182
4.127197,10190,8175,8182
4.135921,10190,8175,8180
4.146419,10185,8175,8180
4.156842,10188,8175,8182
4.167684,10188,8175,8180
4.177655,10180,8175,8180
4.186705,10180,8175,8180
4.197314,10177,8175,8182
4.205959,10174,8175,8180
4.216775,10170,8175,8180
4.22694,10168,8175,8180
4.238107,10168,8175,8180
4.246598,10165,8175,8180
4.256861,10165,8175,8177
4.267872,10162,8175,8182
4.276113,10160,8175,8180
4.287123,10154,8175,8182
4.297185,10154,8175,8180
4.307915,10149,8175,8180
4.318587,10143,8175,8180
4.328668,10143,8175,8180
4.335372,10143,8175,8180
4.34624,10141,8175,8177
4.356916,10135,8175,8182
4.368004,10133,8175,8182
4.377749,10130,8175,8180
4.387964,10126,8175,8180
4.39678,10123,8175,8180
4.405723,10123,8175,8182
4.416943,10121,8175,8180
4.427872,10118,8175,8180
4.438873,10115,8175,8182
4.447672,10109,8175,8182
4.456665,10109,8175,8180
4.46578,10104,8175,8182
4.476174,10101,8175,8182
4.487854,10098,8175,8177
4.498607,10095,8175,8180
4.50491,10093,8175,8182
4.516073,10087,8175,8180
4.525144,10090,8175,8180
4.536528,10087,8178,8180
4.545495,10082,8178,8177
4.556877,10082,8178,8180
4.565854,10076,8178,8174
4.577143,10071,8178,8180
4.587102,10068,8178,8180
4.596349,10066,8178,8182
4.604463,10060,8178,8180
4.615616,10055,8178,8180
4.626569,10055,8178,8180
4.635396,10057,8178,8185
4.645277,10052,8175,8182
4.656503,10049,8175,8180
4.665436,10052,8175,8180
4.676565,10049,8175,8174
4.685283,10047,8175,8177
4.6962,10047,8175,8180
4.704456,10044,8175,8182
4.715382,10041,8175,8180
4.726673,10044,8175,8180
4.735577,10041,8175,8180
4.746797,10044,8178,8180
4.75522,10041,8175,8180
4.766136,10041,8178,8182
4.775837,10039,8178,8180
4.78675,10041,8178,8182
4.795534,10039,8178,8180
4.807193,10039,8178,8182
4.815825,10035,8178,8180
4.827695,10035,8178,8182
4.83682,10035,8178,8180
4.846202,10031,8178,8182
4.855144,10035,8178,8180
4.86406,10031,8178,8180
4.875746,10028,8178,8180
4.886839,10028,8178,8180
4.895516,10028,8178,8180
4.906667,10026,8178,8182
4.917305,10026,8178,8182
4.926031,10023,8178,8180
4.934433,10026,8178,8177
4.946657,10026,8178,8180
4.954613,10026,8178,8182
4.967858,10031,8178,8180
4.97341,10031,8178,8182
4.98659,10039,8178,8177
4.995431,10041,8178,8177
5.006581,10041,8178,8180
5.016573,10039,8178,8182
5.024486,10041,8178,8180
5.034823,10041,8178,8180
5.045039,10041,8178,8180
5.05547,10047,8175,8180
5.064202,10047,8175,8182
5.075257,10047,8175,8180
5.085875,10052,8175,8180
5.094463,10057,8175,8180
5.103003,10066,8175,8182
5.11586,10068,8175,8180
5.123859,10074,8175,8180
5.137303,10082,8175,8182
5.145629,10087,8175,8180
5.15434,10095,8175,8180
5.165014,10101,8178,8180
5.177115,10115,8175,8185
5.184997,10123,8178,8185
5.195538,10141,8178,8182
5.204162,10160,8178,8182
5.217212,10182,8178,8180
5.223545,10201,8178,8185
5.236639,10221,8178,8182
5.245343,10241,8178,8180
5.256205,10257,8178,8180
5.264032,10266,8178,8180
5.274335,10279,8178,8182
5.284983,10293,8178,8185
5.295344,10303,8178,8182
5.305842,10316,8178,8180
5.314522,10322,8178,8182
5.325805,10330,8178,8182
5.333674,10333,8178,8180
5.346614,10335,8178,8182
5.353114,10333,8178,8180
5.367269,10327,8178,8177
5.375897,10316,8175,8180
5.387599,10303,8175,8182
5.394078,10293,8175,8180
5.405912,10285,8175,8180
5.414666,10268,8175,8180
5.425889,10257,8175,8180
5.436106,10241,8173,8180
5.445177,10227,8175,8180
5.456686,10215,8175,8180
5.465729,10201,8175,8180
5.477437,10196,8178,8180
5.483928,10185,8178,8177
5.495488,10174,8178,8182
5.504521,10165,8178,8180
5.515617,10160,8175,8180
5.52625,10152,8178,8180
5.535282,10143,8178,8177
5.546702,10138,8178,8180
5.554987,10130,8178,8182
5.564045,10126,8178,8180
5.575299,10123,8178,8182
5.585626,10121,8175,8182
5.594596,10118,8175,8182
5.605796,10112,8175,8182
5.614254,10106,8175,8180
5.625673,10104,8175,8185
5.634555,10101,8175,8180
5.645721,10095,8175,8177
5.654737,10093,8175,8177
5.666446,10085,8175,8182
5.675467,10082,8175,8182
5.687032,10076,8178,8180
5.693475,10074,8178,8180
5.705126,10066,8178,8180
5.714184,10063,8178,8180
5.724853,10057,8178,8177
5.736213,10052,8178,8180
5.745371,10047,8178,8180
5.754175,10041,8178,8180
5.765571,10039,8178,8180
5.777225,10035,8178,8180
5.783715,10031,8178,8180
5.795416,10035,8175,8180
5.804445,10031,8175,8177
5.813418,10031,8175,8182
5.822452,10035,8173,8177
5.836495,10035,8175,8182
5.846132,10035,8175,8182
5.853004,10039,8175,8180
5.864047,10039,8175,8182
5.873066,10039,8175,8177
5.884132,10031,8173,8177
5.895402,10035,8178,8180
5.904522,10035,8178,8180
5.915769,10031,8178,8177
5.924807,10028,8178,8182
5.936067,10035,8178,8180
5.945161,10031,8175,8180
5.953804,10031,8178,8177
5.964757,10026,8178,8182
5.973502,10028,8178,8182
5.984362,10026,8178,8180
5.993413,10020,8178,8180
6.005046,10020,8178,8182
6.013968,10018,8178,8177
6.025605,10015,8175,8180
6.036109,10012,8178,8180
6.045196,10007,8178,8182
6.056322,10007,8178,8182
6.064903,10009,8175,8180
6.076593,10007,8178,8182
6.083034,10009,8178,8177
6.094562,10012,8178,8180
6.103642,10023,8175,8180
6.112561,10028,8175,8182
6.124417,10039,8173,8180
6.13541,10047,8173,8180
6.143555,10052,8173,8180
6.155113,10055,8173,8182
6.163613,10066,8175,8180
6.172644,10066,8175,8185
6.183903,10066,8175,8180
6.192438,10060,8175,8180
6.20407,10055,8175,8180
6.215686,10049,8175,8177
6.22447,10039,8175,8180
6.236148,10026,8175,8182
6.245208,10009,8175,8182
6.254256,10001,8175,8180
6.263292,9985,8175,8177
6.274947,9968,8175,8177
6.283923,9954,8175,8177
6.295535,9937,8175,8177
6.304592,9921,8175,8180
6.316026,9901,8175,8177
6.328447,9879,8175,8177
6.334069,9863,8175,8174
6.342727,9834,8175,8177
6.35299,9815,8175,8174
6.363932,9809,8173,8177
6.372383,9768,8175,8187
6.383717,9732,8175,8174
6.392442,9713,8175,8177
6.403124,9685,8175,8177
6.41168,9666,8175,8177
6.422826,9654,8181,8177
6.434073,9643,8178,8177
6.443084,9637,8181,8177
6.454331,9628,8181,8177
6.462995,9618,8181,8177
6.473864,9610,8181,8177
6.482997,9596,8181,8177
6.49452,9582,8181,8174
6.503627,9567,8181,8177
6.514709,9551,8181,8180
6.523741,9524,8178,8177
6.535397,9505,8178,8177
6.541875,9482,8178,8177
6.552894,9451,8178,8177
6.561984,9410,8178,8177
6.57331,9354,8178,8177
6.584666,9282,8178,8177
6.593081,9200,8178,8177
6.601408,9090,8178,8180
6.61562,8954,8178,8177
6.624643,8796,8175,8177
6.633807,8653,8178,8177
6.642532,8495,8178,8177
6.654145,8366,8181,8177
6.663132,8312,8186,8177
6.674692,8296,8188,8177
6.683809,8293,8193,8177
6.695373,8293,8199,8177
6.704437,8283,8201,8177
6.715718,8265,8204,8177
6.722214,8252,8206,8177
6.733239,8238,8212,8174
6.741048,8235,8214,8177
6.752681,8246,8217,8177
6.764126,8235,8217,8174
6.775103,8244,8219,8180
6.784145,8233,8222,8174
6.795378,8227,8222,8174
6.801294,8219,8224,8180
6.812909,8206,8224,8177
6.821942,8219,8227,8177
6.833678,8188,8227,8174
6.842732,8195,8230,8177
6.851447,8206,8230,8180
6.862142,8208,8232,8177
6.87387,8188,8230,8180
6.88296,8192,8232,8174
6.894274,8203,8237,8172
6.902619,8179,8237,8172
6.91148,8198,8239,8177
6.925223,8192,8237,8177
6.93141,8182,8239,8182
6.943048,8195,8232,8177
6.952132,8174,8239,8180
6.963772,8182,8230,8177
6.972808,8211,8237,8174
6.983949,8188,8237,8174
6.994586,8192,8239,8174
7.005173,8188,8232,8177
7.011615,8192,8237,8174
7.023245,8166,8239,8174
7.031782,8188,8239,8177
7.043393,8152,8239,8177
7.054797,8155,8242,8177
7.06123,8155,8242,8182
7.072937,8158,8245,8177
7.081967,8171,8245,8174
7.093594,8160,8247,8174
7.100047,8177,8247,8177
7.111718,8136,8247,8177
7.12143,8144,8247,8180
7.132425,8147,8245,8172
7.144161,8174,8247,8177
7.150593,8147,8247,8177
7.164583,8147,8252,8177
7.173611,8136,8247,8182
7.182746,8141,8255,8174
7.191762,8128,8250,8180
7.203174,8136,8255,8177
7.212135,8125,8252,8174
7.223362,8150,8252,8177
7.231439,8133,8255,8180
7.242889,8131,8252,8177
7.251995,8136,8250,8180
7.262169,8131,8260,8177
7.273277,8144,8257,8177
7.281467,8144,8255,8177
7.293087,8131,8257,8174
7.304766,8101,8255,8174
7.311194,8122,8257,8177
7.322805,8120,8255,8180
7.33218,8101,8255,8177
7.341411,8097,8252,8177
7.353138,8125,8260,8180
7.361657,8085,8260,8180
7.373179,8101,8263,8180
7.381983,8097,8260,8177
7.393719,8094,8263,8177
7.402821,8083,8260,8182
7.414346,8083,8263,8177
7.423428,8085,8268,8174
7.434373,8064,8265,8174
7.440827,8083,8263,8174
7.452539,8080,8263,8177
7.461562,8106,8265,8182
7.473222,8109,8268,8172
7.482013,8112,8265,8177
7.493678,8120,8260,8180
7.502783,8120,8260,8174
7.5143,8133,8260,8174
7.523327,8139,8257,8174
7.53234,8120,8255,8177
7.54301,8125,8257,8174
7.551586,8120,8257,8172
7.563224,8125,8257,8177
7.572271,8131,8252,8174
7.583909,8136,8250,8177
7.592952,8139,8255,8177
7.601834,8147,8252,8172
7.610856,8139,8252,8174
7.622422,8171,8252,8177
7.631483,8117,8252,8177
7.643131,8112,8257,8177
7.652165,8114,8257,8174
7.663589,8106,8255,8174
7.672757,8092,8260,8177
7.683933,8109,8265,8177
7.692964,8094,8263,8177
7.701809,8097,8257,8177
7.71087,8088,8265,8177
7.722488,8117,8265,8177
7.731386,8080,8263,8177
7.740709,8074,8265,8177
7.749755,8103,8265,8174
7.763935,8053,8263,8177
7.77303,8085,8268,8177
7.781553,8074,8268,8177
7.79041,8125,8270,8177
7.802091,8069,8268,8177
7.811188,8077,8270,8180
7.822958,8050,8268,8177
7.833891,8064,8270,8172
7.843526,8042,8273,8174
7.853027,8080,8268,8177
7.86195,8069,8270,8177
7.870647,8058,8273,8174
7.881637,8050,8278,8174
7.890738,8064,8276,8172
7.902514,8058,8273,8174
7.911599,8031,8273,8177
7.920728,8037,8273,8177
7.932355,8023,8273,8182
7.943827,8074,8278,8177
7.950263,8047,8283,8174
7.96193,8083,8278,8180
7.972916,8034,8273,8182
7.981608,8058,8278,8174
7.992914,8055,8268,8174
8.001587,8047,8276,8180
8.013133,8055,8273,8177
8.019417,8061,8281,8174
8.031178,8080,8276,8182
8.040254,8066,8276,8177
8.051898,8080,8281,8177
8.060925,8080,8273,8180
8.072551,8072,8270,8177
8.081192,8072,8268,8177
8.090207,8085,8270,8180
8.101854,8097,8273,8182
8.110849,8092,8270,8177
8.122074,8103,8265,8182
8.133004,8101,8265,8177
8.142076,8112,8270,8182
8.153177,8109,8268,8177
8.162108,8131,8268,8177
8.171188,8144,8263,8177
8.180221,8188,8260,8174
8.191818,8139,8260,8177
8.200057,8147,8255,8177
8.211712,8144,8257,8177
8.219798,8158,8255,8177
8.231368,8166,8255,8177
8.243056,8171,8255,8177
8.249447,8198,8252,8177
8.260511,8211,8250,8177
8.269606,8238,8245,8180
8.283371,8271,8242,8177
8.289783,8276,8237,8182
8.300481,8312,8230,8180
8.309534,8347,8224,8180
8.32329,8404,8217,8180
8.334583,8458,8209,8182
8.341176,8525,8201,8177
8.350726,8594,8196,8180
8.360192,8686,8183,8182
8.37191,8780,8175,8185
8.380988,8855,8173,8185
8.392534,8969,8145,8172
8.401612,9079,8132,8185
8.413208,9200,8173,8195
8.419695,9282,8178,8192
8.431166,9343,8178,8198
8.440228,9427,8178,8195
8.451878,9502,8178,8198
8.460905,9556,8178,8195
8.472437,9607,8175,8192
8.481357,9654,8178,8192
8.492634,9693,8178,8195
8.50167,9729,8178,8190
8.51075,9762,8178,8192
8.519873,9796,8178,8192
8.531381,9818,8178,8190
8.539884,9845,8178,8190
8.551469,9868,8178,8190
8.56212,9887,8175,8192
8.571154,9909,8178,8192
8.582838,9929,8178,8192
8.589296,9943,8175,8195
8.600629,9962,8178,8190
8.609517,9980,8178,8190
8.621388,9996,8181,8192
8.630381,10009,8181,8192
8.641959,10018,8181,8195
8.650608,10028,8181,8195
8.662235,10039,8181,8190
8.673,10047,8181,8192
8.678947,10052,8181,8192
8.690545,10057,8181,8192
8.702129,10074,8181,8190
8.711172,10104,8181,8190
8.719491,10141,8178,8187
8.730855,10168,8178,8187
8.73941,10201,8178,8185
8.750837,10224,8178,8180
8.762151,10244,8178,8180
8.771203,10257,8178,8182
8.779737,10263,8178,8180
8.791372,10274,8178,8182
8.800268,10282,8178,8180
8.809277,10287,8178,8180
8.8208,10293,8178,8185
8.82958,10301,8178,8180
8.841492,10314,8178,8180
8.850546,10319,8178,8182
8.859652,10333,8178,8185
8.871371,10341,8178,8182
8.879388,10354,8178,8182
8.890308,10366,8178,8182
8.899503,10382,8178,8182
8.911147,10399,8175,8185
8.919839,10419,8178,8185
8.928862,10433,8178,8185
8.939803,10452,8178,8182
8.948829,10474,8178,8180
8.957712,10500,8178,8185
8.971589,10524,8178,8180
8.980499,10541,8175,8180
8.989405,10563,8178,8180
9.000828,10580,8178,8185
9.0098,10603,8175,8182
9.021468,10619,8178,8185
9.030489,10647,8178,8180
9.038695,10663,8178,8182
9.052288,10672,8178,8182
9.058733,10677,8178,8182
9.0694,10680,8178,8182
9.08054,10680,8178,8182
9.089541,10675,8178,8182
9.100926,10668,8178,8180
9.109991,10665,8178,8182
9.121642,10665,8178,8182
9.130671,10672,8178,8182
9.142379,10686,8178,8182
9.148275,10695,8178,8182
9.159902,10703,8178,8180
9.171449,10711,8178,8182
9.180471,10725,8178,8182
9.18902,10736,8175,8182
9.198055,10747,8178,8182
9.209366,10758,8178,8182
9.220453,10769,8178,8182
9.228782,10776,8178,8182
9.239983,10781,8178,8185
9.249043,10792,8178,8180
9.259674,10798,8178,8182
9.271314,10806,8178,8180
9.280343,10811,8178,8182
9.291574,10819,8178,8182
9.300507,10819,8178,8182
9.309467,10822,8178,8182
9.318495,10830,8178,8182
9.330136,10836,8178,8182
9.341339,10841,8178,8180
9.350369,10841,8178,8182
9.359725,10850,8175,8182
9.368751,10850,8178,8182
9.380475,10856,8178,8180
9.389526,10864,8178,8182
9.3982,10864,8178,8180
9.409881,10870,8178,8182
9.418951,10876,8178,8182
9.430678,10884,8178,8180
9.438834,10884,8178,8180
9.447511,10886,8178,8182
9.461408,10886,8175,8180
9.4705,10892,8175,8182
9.481373,10898,8175,8180
9.487782,10901,8173,8182
9.499097,10901,8175,8182
9.508135,10906,8175,8182
9.518805,10906,8175,8180
9.526602,10912,8175,8182
9.538044,10917,8175,8180
9.549633,10920,8175,8182
9.558657,10925,8175,8180
9.569917,10925,8175,8182
9.581082,10933,8175,8180
9.587285,10939,8175,8182
9.598957,10950,8175,8182
9.610614,10952,8173,8182
9.619578,10955,8175,8180
9.628461,10962,8175,8185
9.639092,10973,8175,8182
9.650392,10981,8175,8182
9.659425,10984,8175,8182
9.671021,10990,8178,8180
9.679633,10992,8178,8182
9.690839,10995,8178,8182
9.696884,11000,8178,8182
9.708276,11003,8178,8182
9.719621,11009,8178,8182
9.728663,11011,8178,8185
9.739363,11015,8178,8185
9.747444,11020,8178,8180
9.758204,11023,8178,8185
9.769506,11031,8181,8182
9.778551,11031,8181,8182
9.789738,11039,8181,8180
9.79809,11042,8181,8180
9.809808,11039,8181,8180
9.81865,11042,8181,8182
9.8302,11039,8181,8180
9.840882,11042,8181,8182
9.850063,11039,8181,8182
9.861296,11031,8181,8185
9.867743,11028,8181,8182
9.879455,11026,8178,8182
9.888548,11023,8178,8182
9.900276,11015,8178,8182
9.911245,11011,8178,8180
9.916999,11009,8178,8182
9.928606,11003,8178,8177
9.936312,10995,8178,8182
9.949109,10995,8178,8182
9.95724,10995,8178,8180
9.969956,10995,8175,8182
9.980324,10995,8178,8180
9.988556,10992,8178,8182
9.995984,10990,8178,8182
10.009512,10987,8178,8182
10.019499,10979,8178,8182
10.029838,10973,8175,8185
10.03804,10968,8178,8182
10.048846,10962,8178,8182
10.059257,10958,8178,8182
10.066864,10950,8178,8182
10.079791,10947,8175,8182
10.085547,10939,8175,8182
10.096742,10936,8175,8182
10.110318,10936,8175,8180
10.119329,10933,8175,8180
10.127768,10925,8175,8185
10.136877,10925,8175,8185
10.150508,10923,8175,8180
10.156898,10914,8175,8180
10.168504,10904,8175,8180
10.17684,10884,8175,8180
10.188113,10881,8175,8180
10.199712,10866,8175,8182
10.208701,10866,8175,8182
10.219618,10864,8175,8182
10.228704,10866,8175,8180
10.240008,10870,8175,8182
10.249065,10873,8175,8182
10.257389,10876,8175,8182
10.269051,10878,8175,8182
10.277744,10878,8175,8177
10.289357,10878,8175,8182
10.298055,10878,8175,8182
10.308704,10884,8175,8182
10.319321,10884,8175,8182
10.327927,10884,8175,8182
10.337033,10881,8175,8182
10.346081,10884,8175,8182
10.357243,10886,8175,8180
10.368334,10889,8175,8180
10.377324,10892,8173,8182
10.388513,10896,8175,8185
10.399615,10898,8178,8180
10.408677,10896,8178,8182
10.419496,10898,8178,8180
10.425917,10898,8178,8180
10.437018,10898,8178,8180
10.44774,10896,8178,8182
10.456743,10892,8178,8182
10.468453,10892,8178,8182
10.477155,10892,8178,8182
10.488763,10896,8178,8182
10.497669,10896,8178,8180
10.509238,10898,8178,8182
10.515267,10901,8178,8182
10.529005,10904,8175,8182
10.537205,10906,8178,8182
10.548821,10909,8178,8182
10.557847,10914,8178,8180
10.566797,10914,8178,8182
10.577416,10912,8178,8182
10.586032,10912,8178,8185
10.597633,10914,8178,8180
10.606641,10914,8181,8182
10.618258,10923,8181,8180
10.627265,10925,8181,8182
10.636336,10920,8181,8182
10.648014,10923,8181,8182
10.659462,10920,8178,8182
10.668443,10917,8181,8182
10.677457,10914,8181,8180
10.686454,10914,8181,8180
10.698043,10909,8181,8182
10.706428,10906,8175,8182
10.719544,10906,8173,8182
10.725964,10906,8175,8180
10.737233,10904,8175,8182
10.748103,10904,8173,8182
10.75712,10901,8173,8182
10.767669,10901,8175,8177
10.779104,10898,8175,8180
10.78811,10898,8175,8182
10.799838,10892,8175,8182
10.80635,10886,8175,8185
10.817048,10881,8178,8182
10.826046,10878,8178,8182
10.837157,10876,8178,8180
10.847096,10873,8178,8180
10.85817,10866,8178,8182
10.866741,10858,8178,8182
10.87842,10858,8178,8180
10.889942,10847,8178,8180
10.896409,10844,8178,8180
10.908081,10836,8178,8180
10.917113,10830,8178,8182
10.928784,10830,8178,8180
10.9352,10825,8178,8180
10.94656,10819,8175,8182
10.958199,10817,8178,8180
10.966476,10814,8175,8177
10.975458,10811,8178,8180
10.98899,10809,8178,8185
10.997848,10806,8178,8180
11.006633,10806,8178,8180
11.015636,10806,8178,8182
11.02667,10803,8178,8182
11.038295,10798,8178,8180
11.04944,10795,8178,8182
11.055843,10795,8178,8182
11.067356,10790,8178,8180
11.076311,10787,8175,8180
11.087909,10779,8178,8180
11.099062,10771,8178,8182
11.105518,10766,8178,8182
11.117145,10758,8178,8180
11.126135,10750,8175,8180
11.137736,10739,8175,8180
11.146749,10731,8175,8180
11.158101,10728,8175,8182
11.169033,10719,8175,8185
11.175434,10716,8173,8182
11.186638,10711,8175,8182
11.195436,10714,8175,8182
11.206553,10716,8175,8180
11.218221,10711,8173,8180
11.227368,10714,8175,8182
11.238666,10714,8178,8185
11.247655,10719,8178,8180
11.25883,10719,8178,8182
11.266913,10722,8178,8180
11.275776,10719,8178,8182
11.287363,10725,8178,8182
11.298361,10728,8178,8185
11.304786,10731,8178,8180
11.316446,10736,8178,8182
11.325484,10739,8178,8180
11.336174,10744,8175,8182
11.349375,10747,8175,8180
11.356919,10755,8175,8180
11.366049,10758,8175,8185
11.377762,10771,8173,8177
11.386037,10776,8173,8182
11.397841,10776,8175,8182
11.406852,10784,8175,8182
11.415752,10790,8175,8180
11.427372,10795,8175,8180
11.435879,10803,8175,8182
11.447477,10806,8178,8182
11.455358,10817,8178,8180
11.466948,10822,8178,8182
11.47774,10822,8178,8182
11.485049,10828,8178,8180
11.495216,10833,8178,8180
11.506394,10833,8175,8182
11.517537,10836,8178,8182
11.526338,10838,8178,8180
11.535044,10838,8178,8180
11.546673,10844,8178,8182
11.558353,10841,8175,8185
11.567274,10841,8175,8182
11.576318,10838,8178,8182
11.585357,10841,8178,8180
11.59701,10841,8178,8185
11.605802,10841,8178,8182
11.616893,10841,8178,8182
11.62561,10841,8178,8182
11.636814,10838,8178,8182
11.647984,10844,8178,8185
11.654394,10841,8178,8182
11.665433,10838,8178,8180
11.674453,10838,8178,8180
11.687775,10836,8178,8182
11.698164,10841,8178,8185
11.70461,10836,8178,8180
11.718043,10833,8178,8180
11.727037,10830,8178,8182
11.73578,10833,8178,8180
11.74427,10828,8178,8182
11.755135,10833,8175,8182
11.766761,10830,8175,8182
11.778269,10833,8175,8182
11.784766,10836,8175,8180
11.795446,10833,8175,8182
11.804454,10828,8175,8182
11.815622,10828,8173,8182
11.827221,10825,8173,8182
11.836234,10825,8175,8182
11.845299,10822,8175,8182
11.857041,10822,8175,8180
11.866075,10817,8178,8182
11.87673,10819,8178,8180
11.885097,10817,8178,8182
11.8968,10817,8178,8182
11.905523,10819,8178,8180
11.917248,10822,8178,8182
11.9237,10819,8178,8180
11.937446,10819,8178,8182
11.94648,10822,8178,8180
11.95495,10825,8178,8185
11.966016,10828,8175,8185
11.977139,10830,8175,8182
11.98527,10833,8175,8182
11.996712,10838,8175,8182
12.005926,10838,8175,8180
12.014684,10841,8175,8180
12.026274,10856,8175,8180
12.034358,10861,8175,8182
12.045484,10864,8175,8180
12.057104,10864,8175,8182
12.066125,10866,8175,8182
12.077202,10866,8178,8180
12.085759,10866,8178,8182
12.094627,10873,8178,8182
12.106313,10878,8178,8182
12.117254,10881,8178,8182
12.123683,10884,8178,8180
12.134762,10884,8178,8182
12.143768,10884,8175,8185
12.157742,10884,8178,8182
12.164156,10884,8178,8180
12.17579,10881,8175,8182
12.184871,10881,8178,8180
12.196492,10884,8175,8180
12.205253,10886,8178,8180
12.213917,10884,8175,8185
12.227423,10886,8178,8182
12.236122,10886,8178,8180
12.247519,10892,8178,8180
12.254016,10892,8178,8182
12.264917,10901,8178,8182
12.273908,10904,8175,8182
12.287589,10909,8178,8182
12.294009,10912,8178,8180
12.305619,10906,8178,8180
12.316578,10904,8178,8182
12.324773,10901,8178,8185
12.336349,10898,8178,8180
12.345455,10898,8178,8182
12.354395,10889,8178,8182
12.3663,10886,8178,8182
12.375056,10881,8178,8182
12.38626,10881,8178,8182
12.394531,10876,8178,8180
12.406195,10870,8178,8182
12.414984,10866,8178,8182
12.424056,10864,8178,8185
12.435667,10856,8175,8180
12.444666,10847,8178,8182
12.456119,10841,8178,8182
12.464593,10844,8175,8180
12.473564,10838,8178,8182
12.484755,10830,8178,8185
12.493754,10833,8178,8182
12.505068,10833,8178,8180
12.513511,10830,8178,8180
12.52508,10828,8178,8180
12.536143,10828,8178,8180
12.544798,10828,8178,8180
12.553836,10825,8178,8182
12.564969,10819,8178,8180
12.574034,10817,8178,8180
12.585511,10814,8178,8180
12.594536,10811,8178,8180
12.606199,10809,8178,8177
12.614964,10803,8178,8182
12.626588,10798,8178,8180
12.635583,10795,8178,8182
12.641947,10792,8178,8182
12.653179,10784,8178,8180
12.666933,10779,8178,8182
12.67529,10776,8178,8180
12.683776,10769,8178,8182
12.695452,10761,8175,8180
12.704418,10755,8175,8185
12.716063,10752,8175,8182
12.725058,10747,8175,8180
12.733905,10742,8175,8180
12.744531,10739,8175,8180
12.754447,10739,8175,8180
12.762816,10731,8175,8182
12.773689,10728,8175,8182
12.785306,10728,8175,8185
12.794174,10725,8175,8180
12.805765,10719,8175,8182
12.814731,10719,8175,8180
12.825985,10716,8175,8182
12.833992,10711,8175,8182
12.843006,10703,8175,8182
12.854723,10697,8175,8182
12.863493,10689,8175,8182
12.875069,10677,8173,8182
12.886292,10672,8175,8180
12.892747,10665,8173,8180
12.904416,10657,8178,8180
12.913465,10655,8175,8180
12.92515,10649,8178,8180
12.93577,10644,8178,8182
12.944832,10636,8178,8180
12.956421,10630,8178,8180
12.962366,10625,8178,8180
12.976594,10619,8178,8177
12.982999,10614,8178,8182
12.994555,10611,8178,8180
13.003668,10606,8178,8180
13.014922,10600,8178,8180
13.025574,10597,8178,8182
13.034593,10588,8178,8182
13.046017,10580,8178,8180
13.055019,10577,8178,8180
13.064061,10571,8178,8182
13.07306,10569,8178,8182
13.082052,10561,8178,8182
13.093667,10552,8178,8177
13.102704,10552,8178,8177
13.114335,10547,8178,8180
13.123317,10547,8178,8182
13.134631,10538,8178,8180
13.145459,10527,8178,8180
13.151899,10522,8178,8180
13.165989,10511,8178,8180
13.172395,10503,8178,8180
13.186397,10490,8178,8182
13.192869,10484,8178,8182
13.2045,10476,8178,8177
13.213473,10468,8178,8180
13.224792,10457,8175,8180
13.231191,10457,8175,8177
13.245046,10452,8175,8180
13.256028,10444,8175,8182
13.262114,10444,8175,8180
13.276313,10438,8175,8182
13.282841,10438,8175,8180
13.294472,10438,8175,8180
13.303486,10436,8175,8180
13.314688,10433,8175,8177
13.323151,10433,8178,8180
13.332152,10436,8178,8177
13.343427,10436,8178,8180
13.352452,10433,8178,8180
13.364295,10433,8178,8180
13.37494,10436,8178,8182
13.383983,10433,8178,8180
13.395616,10433,8178,8185
13.402069,10430,8178,8182
13.413737,10430,8178,8182
13.422258,10430,8178,8182
13.433471,10430,8178,8182
13.44485,10433,8178,8182
13.453461,10433,8178,8182
13.464751,10428,8178,8182
13.473329,10425,8178,8182
13.484782,10428,8178,8182
13.493759,10425,8178,8182
13.505395,10422,8178,8182
13.514394,10419,8178,8180
13.525877,10419,8178,8180
13.532293,10413,8175,8180
13.543914,10410,8175,8180
13.552598,10410,8175,8180
13.563697,10408,8175,8182
13.572251,10405,8175,8185
13.583868,10401,8175,8182
13.592761,10396,8175,8182
13.604353,10396,8175,8182
13.615727,10390,8173,8182
13.622135,10388,8175,8182
13.633112,10385,8175,8182
13.644595,10380,8178,8180
13.653385,10377,8178,8177
13.664725,10374,8178,8182
13.673746,10371,8178,8180
13.682666,10366,8178,8180
13.69427,10363,8178,8182
13.703247,10357,8178,8182
13.71226,10351,8178,8182
13.723945,10349,8178,8182
13.732815,10346,8178,8180
13.744417,10341,8178,8182
13.753478,10338,8178,8180
13.764704,10333,8178,8182
13.773702,10330,8178,8182
13.7827,10327,8178,8180
13.791704,10322,8175,8180
13.803272,10316,8178,8177
13.812253,10316,8178,8180
13.82378,10314,8175,8177
13.832823,10310,8178,8180
13.844432,10301,8178,8182
13.852956,10303,8175,8182
13.862691,10298,8175,8180
13.871613,10295,8175,8180
13.883189,10295,8175,8182
13.892152,10293,8175,8177
13.903647,10290,8175,8182
13.915289,10287,8175,8180
13.921745,10282,8175,8180
13.933442,10279,8175,8180
13.942395,10274,8175,8182
13.953461,10271,8178,8180
13.964512,10271,8178,8180
13.97296,10268,8178,8182
13.983728,10263,8178,8177
13.992632,10255,8178,8182
14.003992,10252,8175,8180
14.012301,10244,8178,8177
14.02345,10241,8178,8177
14.034495,10229,8178,8177
14.040916,10221,8178,8180
14.052094,10215,8178,8180
14.063781,10199,8178,8177
14.074761,10193,8178,8182
14.08117,10188,8178,8180
14.092808,10180,8178,8182
14.101961,10177,8178,8182
14.113622,10168,8178,8180
14.122467,10162,8178,8180
14.133975,10160,8178,8180
14.142986,10152,8178,8180
14.154673,10143,8178,8180
14.163255,10143,8178,8177
14.172286,10135,8178,8177
14.181331,10133,8178,8180
14.192948,10121,8178,8180
14.202018,10115,8178,8180
14.213664,10109,8175,8180
14.222675,10109,8178,8182
14.23395,10109,8178,8180
14.242962,10104,8178,8180
14.254714,10098,8178,8182
14.261129,10093,8178,8182
14.272662,10087,8175,8180
14.280845,10082,8175,8182
14.292072,10076,8175,8180
14.303255,10076,8175,8180
14.314101,10071,8175,8180
14.323097,10066,8175,8177
14.334184,10060,8175,8177
14.340623,10057,8175,8185
14.35232,10052,8175,8180
14.360612,10047,8175,8180
14.371966,10044,8178,8177
14.382455,10041,8178,8180
14.3938,10041,8178,8185
14.400263,10039,8178,8182
14.411761,10031,8178,8180
14.423413,10031,8178,8177
14.432428,10026,8178,8180
14.441486,10026,8178,8182
14.452438,10023,8178,8177
14.461008,10018,8178,8182
14.472604,10015,8178,8180
14.483968,10009,8178,8177
14.490403,10004,8178,8180
14.501698,9999,8178,8180
14.512174,9996,8178,8177
14.521024,9988,8178,8182
14.532618,9985,8178,8182
14.544017,9980,8178,8182
14.553028,9973,8178,8180
14.562083,9971,8178,8180
14.571109,9962,8178,8182
14.582487,9960,8175,8180
14.591224,9954,8175,8177
14.60233,9949,8175,8177
14.610903,9943,8175,8180
14.62251,9937,8175,8180
14.634102,9932,8175,8182
14.640608,9923,8175,8182
14.652255,9921,8175,8182
14.661231,9918,8175,8180
14.67247,9915,8175,8180
14.68323,9904,8175,8180
14.692016,9904,8178,8182
14.703274,9898,8178,8182
14.712144,9895,8178,8180
14.723385,9893,8178,8180
14.729392,9890,8178,8177
14.740873,9882,8178,8180
14.752478,9879,8178,8180
14.763272,9874,8178,8180
14.769638,9874,8178,8180
14.783037,9871,8178,8177
14.792036,9874,8175,8180
14.80325,9871,8175,8177
14.809664,9863,8175,8180
14.823254,9863,8175,8177
14.829663,9860,8175,8180
14.841128,9855,8175,8182
14.85013,9852,8175,8180
14.861764,9852,8175,8180
14.872828,9847,8175,8177
14.881565,9842,8175,8177
14.893535,9839,8178,8182
14.89971,9837,8178,8180
14.910864,9834,8178,8180
14.919937,9831,8178,8177
14.931447,9828,8178,8180
14.94022,9828,8178,8180
14.951946,9828,8178,8177
14.960685,9831,8178,8177
14.972304,9845,8178,8177
14.981367,9858,8178,8174
14.993014,9847,8178,8174
15.002023,9839,8178,8177
15.013145,9828,8178,8177
15.022211,9812,8178,8177
15.031243,9799,8178,8177
15.040295,9774,8178,8177
15.051931,9753,8178,8177
15.062116,9740,8178,8180
15.071127,9729,8178,8177
15.082789,9713,8178,8177
15.091662,9698,8178,8177
15.100687,9687,8178,8177
15.109718,9679,8178,8177
15.121368,9671,8178,8177
15.130438,9662,8178,8177
15.142107,9659,8178,8177
15.152482,9646,8175,8177
15.161502,9643,8178,8177
15.172992,9639,8178,8177
15.181551,9637,8178,8177
15.193214,9634,8178,8177
15.199521,9634,8178,8177
15.210302,9631,8178,8177
15.221918,9626,8178,8177
15.233188,9618,8178,8177
15.239202,9612,8178,8177
15.250201,9607,8178,8177
15.261903,9599,8178,8177
15.27013,9593,8178,8177
15.278772,9585,8178,8177
15.29256,9577,8178,8177
15.299003,9570,8178,8177
15.313099,9561,8178,8177
15.319564,9556,8178,8177
15.331182,9534,8178,8180
15.340174,9526,8178,8177
15.35186,9513,8178,8177
15.360649,9494,8178,8182
15.372329,9482,8178,8177
15.381383,9465,8178,8180
15.392511,9443,8178,8180
15.398972,9404,8178,8177
15.410697,9354,8178,8177
15.419793,9299,8175,8177
15.43102,9238,8175,8177
15.440079,9168,8175,8177
15.451491,9109,8175,8177
15.460537,9030,8175,8177
15.471924,8941,8175,8177
15.480473,8847,8175,8177
15.489449,8747,8175,8177
15.497834,8630,8175,8177
15.509505,8519,8175,8177
15.521095,8436,8181,8177
15.530104,8364,8183,8177
15.541692,8320,8186,8177
15.552367,8291,8193,8177
15.561356,8273,8199,8177
15.572899,8246,8204,8177
15.579015,8235,8209,8180
15.590588,8222,8214,8177
15.599626,8200,8217,8177
15.611312,8179,8219,8177
15.620349,8188,8224,8177
15.631797,8160,8224,8177
15.640787,8163,8230,8177
15.652407,8155,8237,8177
15.661437,8122,8239,8172
15.670324,8125,8245,8172
15.678995,8103,8245,8177
15.690122,8114,8247,8177
15.701455,8122,8255,8174
15.710028,8072,8252,8185
15.719173,8069,8257,8182
15.729858,8069,8260,8177
15.740379,8055,8255,8180
15.748446,8061,8265,8177
15.758506,8050,8263,8174
15.769351,8050,8268,8177
15.780961,8047,8268,8174
15.789303,8064,8268,8177
15.798268,8061,8268,8177
15.809731,8034,8270,8177
15.818724,8039,8276,8174
15.832549,8055,8273,8177
15.838995,8061,8278,8177
15.849938,8039,8276,8174
15.859,8042,8283,8177
15.871106,8037,8273,8172
15.879937,8058,8276,8172
15.888116,8009,8273,8177
15.900946,8026,8278,8177
15.909959,7995,8283,8169
15.918888,8042,8278,8180
15.929145,8018,8278,8177
15.940773,8012,8283,8177
15.95227,8000,8286,8177
15.958502,8009,8286,8177
15.969468,8003,8283,8174
15.980948,8009,8291,8174
15.99211,8015,8286,8177
16.000864,8009,8288,8177
16.009917,8009,8294,8177
16.018938,8007,8291,8172
16.030128,8028,8291,8177
16.039205,8009,8291,8177
16.050618,7991,8283,8182
16.061241,7988,8288,8180
16.070206,7998,8288,8180
16.081754,8009,8291,8174
16.088176,7998,8291,8180
16.099836,7998,8286,8177
16.108846,8037,8291,8177
16.11964,8003,8286,8180
16.131035,8031,8288,8182
16.140038,8009,8286,8180
16.15154,8037,8291,8177
16.160554,8015,8294,8172
16.171658,8053,8288,8174
16.178089,8026,8294,8177
16.189727,8007,8286,8174
16.198775,8039,8283,8177
16.210381,8020,8291,8172
16.220658,8028,8281,8174
16.229689,7991,8288,8180
16.241325,8007,8286,8180
16.250326,8023,8286,8177
16.259363,8015,8288,8180
16.269482,8007,8294,8174
16.278569,7986,8283,8177
16.290199,7991,8296,8174
16.299184,7980,8294,8172
16.31083,8028,8294,8185
16.319867,8012,8291,8180
16.330971,7972,8291,8177
16.339981,8003,8294,8182
16.349099,7988,8294,8174
16.357426,7983,8291,8177
16.371896,8015,8294,8180
16.37892,8015,8301,8180
16.38832,8020,8299,8180
16.399509,8012,8296,8180
16.408562,8034,8294,8182
16.420206,8009,8299,8180
16.426716,8015,8294,8174
16.438513,8023,8296,8180
16.447539,7991,8291,8182
16.460872,8047,8288,8185
16.469352,8026,8288,8177
16.480558,8037,8281,8177
16.486753,8042,8283,8180
16.497826,8053,8286,8174
16.509359,8053,8283,8177
16.517572,8034,8281,8177
16.528771,8045,8286,8174
16.540385,8018,8281,8174
16.548903,8028,8278,8177
16.557629,8039,8291,8177
16.569337,8023,8283,8177
16.578127,8023,8286,8180
16.58882,8037,8286,8174
16.597868,8003,8283,8177
16.606592,8003,8286,8172
16.620701,8000,8288,8180
16.62971,8015,8288,8177
16.64131,8039,8286,8177
16.647791,7991,8291,8182
16.659407,7991,8294,8174
16.668388,7988,8286,8172
16.679997,8012,8291,8180
16.688181,8015,8294,8180
16.696792,8055,8291,8177
16.708153,8050,8288,8172
16.719694,8018,8294,8174
16.728721,8039,8291,8177
16.740335,8039,8294,8172
16.749319,8047,8288,8177
16.757911,8034,8294,8169
16.768677,8047,8283,8180
16.777735,8061,8281,8180
16.789383,8066,8283,8180
16.797823,8080,8276,8180
16.809415,8109,8278,8182
16.817867,8144,8276,8174
16.829184,8141,8270,8177
16.840301,8171,8265,8177
16.848968,8177,8265,8180
16.857755,8208,8263,8180
16.868735,8252,8247,8182
16.877757,8296,8247,8185
16.88882,8390,8232,8187
16.897954,8495,8217,8192
16.90963,8644,8201,8192
16.917651,8804,8183,8192
16.927658,8938,8173,8187
16.93871,9027,8170,8187
16.947538,9173,8175,8200
16.958011,9299,8181,8187
16.969606,9401,8165,8200
16.98085,9499,8183,8198
16.987249,9574,8173,8200
16.998854,9662,8175,8198
17.007835,9726,8178,8200
17.019504,9788,8178,8203
17.028626,9834,8178,8203
17.040004,9879,8178,8203
17.049164,9915,8178,8203
17.060453,9943,8178,8200
17.068435,9977,8178,8198
17.077418,10001,8178,8203
17.089009,10023,8178,8200
17.09807,10041,8175,8198
17.10972,10057,8175,8200
17.116143,10076,8175,8198
17.130338,10087,8175,8200
17.136766,10098,8175,8200
17.150651,10115,8175,8198
17.157111,10126,8175,8200
17.16818,10149,8175,8198
17.177172,10196,8175,8192
17.188665,10247,8175,8190
17.197008,10290,8175,8187
17.209976,10341,8175,8185
17.21911,10380,8175,8185
17.230586,10410,8175,8182
17.237043,10428,8175,8182
17.248347,10444,8175,8182
17.256826,10455,8175,8182
17.267876,10466,8175,8182
17.279048,10474,8175,8180
17.287674,10479,8175,8182
17.29935,10490,8175,8185
17.308378,10496,8178,8182
17.319457,10508,8178,8182
17.328494,10511,8178,8180
17.33976,10519,8178,8180
17.347754,10530,8178,8182
17.359335,10535,8178,8182
17.368162,10547,8178,8182
17.379057,10558,8178,8182
17.387649,10566,8178,8180
17.399112,10580,8178,8182
17.405453,10588,8178,8180
17.419444,10597,8178,8182
17.425893,10609,8178,8182
17.439862,10617,8178,8180
17.446302,10628,8178,8182
17.457428,10630,8178,8182
17.468076,10644,8178,8182
17.477076,10655,8178,8180
17.488838,10660,8178,8180
17.497917,10663,8178,8180
17.506832,10668,8178,8182
17.51584,10672,8178,8182
17.529971,10675,8178,8182
17.536376,10680,8178,8180
17.548004,10680,8178,8180
17.556233,10686,8178,8182
17.56728,10684,8178,8182
17.57877,10686,8178,8185
17.587665,10686,8178,8180
17.596725,10689,8178,8182
17.608324,10692,8178,8182
17.617331,10689,8178,8182
17.628899,10689,8178,8180
17.637918,10692,8178,8180
17.649736,10697,8178,8180
17.658874,10700,8178,8182
17.667077,10700,8178,8182
17.676112,10705,8178,8182
17.687206,10711,8178,8180
17.698103,10708,8178,8182
17.707145,10714,8178,8182
17.71886,10716,8175,8180
17.727855,10719,8175,8182
17.739579,10728,8175,8182
17.748436,10728,8173,8180
17.757343,10736,8175,8185
17.766373,10736,8175,8180
17.778015,10744,8175,8182
17.786268,10747,8175,8180
17.797847,10747,8175,8185
17.809152,10750,8175,8182
17.818166,10755,8175,8180
17.827055,10758,8175,8180
17.836125,10763,8175,8182
17.847245,10771,8175,8182
17.858772,10776,8175,8182
17.867786,10776,8175,8185
17.877806,10779,8175,8182
17.885676,10776,8175,8182
17.896633,10771,8175,8180
17.908211,10771,8175,8182
17.917044,10766,8175,8180
17.926135,10763,8175,8182
17.935171,10755,8175,8185
17.946337,10750,8175,8180
17.959586,10752,8175,8180
17.965994,10747,8175,8182
17.977505,10747,8175,8185
17.986491,10744,8175,8182
17.998029,10742,8175,8182
18.006944,10742,8175,8182
18.018344,10736,8175,8180
18.027346,10739,8175,8182
18.038552,10736,8178,8182
18.047045,10736,8178,8182
18.056071,10736,8178,8177
18.067288,10733,8178,8182
18.076397,10731,8178,8182
18.088033,10733,8178,8177
18.096594,10731,8178,8182
18.108233,10733,8178,8185
18.117273,10736,8178,8182
18.129127,10733,8178,8182
18.135708,10733,8178,8182
18.147334,10736,8178,8180
18.156201,10736,8178,8180
18.167483,10736,8178,8182
18.176513,10739,8178,8180
18.185516,10736,8178,8182
18.196365,10733,8178,8180
18.20537,10728,8175,8185
18.216495,10728,8178,8180
18.22798,10728,8175,8180
18.237051,10725,8178,8182
18.248312,10722,8178,8182
18.257357,10719,8178,8182
18.26607,10722,8178,8180
18.27412,10722,8178,8180
18.288435,10722,8178,8180
18.297498,10725,8178,8180
18.306546,10725,8178,8185
18.315134,10722,8178,8182
18.326336,10725,8178,8180
18.337948,10722,8178,8180
18.344419,10722,8175,8180
18.355619,10725,8175,8182
18.366678,10725,8175,8177
18.375674,10725,8175,8180
18.387637,10728,8175,8180
18.397068,10731,8175,8182
18.408174,10736,8175,8182
18.417225,10736,8175,8180
18.428882,10742,8175,8180
18.435356,10744,8175,8185
18.447032,10747,8175,8180
18.455742,10750,8178,8180
18.467304,10750,8178,8180
18.476318,10752,8178,8180
18.487934,10752,8178,8180
18.496941,10752,8178,8180
18.508431,10747,8178,8180
18.514688,10750,8178,8182
18.525872,10750,8178,8180
18.534951,10752,8175,8180
18.545644,10750,8178,8180
18.557238,10747,8178,8182
18.56627,10755,8178,8180
18.57529,10758,8178,8182
18.58629,10761,8178,8180
18.597526,10758,8178,8185
18.603937,10758,8178,8180
18.617974,10761,8178,8180
18.626973,10758,8178,8182
18.635502,10755,8178,8182
18.646678,10761,8178,8182
18.654899,10752,8178,8182
18.666497,10752,8178,8185
18.677731,10750,8178,8182
18.684188,10750,8178,8182
18.695346,10752,8178,8185
18.70384,10755,8178,8182
18.71728,10755,8178,8185
18.726122,10752,8178,8182
18.735163,10752,8178,8182
18.743871,10752,8178,8182
18.756278,10750,8178,8180
18.766579,10747,8175,8180
18.77552,10750,8175,8182
18.787284,10750,8175,8182
18.796298,10752,8175,8180
18.807928,10750,8175,8180
18.81434,10747,8173,8182
18.825944,10747,8175,8182
18.834258,10747,8175,8182
18.84545,10747,8175,8182
18.8565,10747,8175,8177
18.864582,10744,8175,8180
18.87362,10744,8178,8182
18.88782,10742,8178,8182
18.896608,10736,8178,8182
18.905101,10736,8178,8180
18.914152,10733,8178,8182
18.927887,10728,8178,8180
18.934413,10722,8178,8182
18.945536,10716,8178,8180
18.954285,10719,8178,8182
18.965898,10716,8178,8180
18.97717,10716,8178,8182
18.983589,10711,8178,8182
18.997387,10711,8178,8185
19.006395,10714,8178,8180
19.017652,10711,8175,8177
19.026647,10711,8175,8182
19.035673,10708,8178,8182
19.04428,10708,8178,8182
19.055959,10708,8178,8182
19.064249,10705,8178,8180
19.075825,10703,8178,8180
19.08724,10705,8178,8182
19.096256,10703,8178,8182
19.10774,10705,8178,8177
19.114213,10703,8178,8180
19.125844,10700,8178,8180
19.134788,10700,8178,8180
19.146393,10700,8178,8180
19.155286,10697,8178,8180
19.166901,10700,8178,8180
19.173305,10697,8178,8182
19.18743,10695,8175,8185
19.196435,10695,8175,8182
19.205416,10689,8175,8180
19.216121,10686,8175,8182
19.224522,10686,8175,8182
19.236067,10680,8175,8182
19.245103,10680,8175,8185
19.256237,10677,8175,8180
19.267071,10672,8175,8180
19.273484,10668,8175,8180
19.284463,10668,8175,8180
19.295504,10663,8178,8182
19.304375,10660,8178,8180
19.315979,10657,8178,8182
19.324694,10655,8178,8182
19.333777,10655,8178,8182
19.345513,10652,8178,8182
19.354513,10649,8178,8182
19.366154,10649,8178,8180
19.375171,10647,8178,8180
19.386619,10641,8178,8180
19.396234,10644,8175,8182
19.40577,10641,8175,8180
19.414834,10636,8175,8180
19.423887,10630,8175,8180
19.435548,10630,8175,8180
19.44698,10630,8175,8182
19.456018,10628,8175,8180
19.466528,10625,8175,8182
19.475539,10625,8175,8180
19.486966,10628,8175,8182
19.49598,10628,8175,8180
19.505008,10625,8178,8182
19.514021,10622,8178,8182
19.525461,10619,8178,8180
19.536543,10617,8178,8180
19.542965,10617,8178,8180
19.554545,10614,8178,8180
19.563547,10614,8178,8177
19.574623,10611,8178,8182
19.583628,10603,8178,8180
19.59514,10600,8178,8180
19.604137,10603,8175,8182
19.615709,10600,8175,8182
19.624722,10603,8175,8180
19.63633,10606,8175,8182
19.645361,10611,8175,8182
19.656742,10611,8173,8182
19.665842,10611,8175,8182
19.674296,10603,8175,8185
19.683274,10603,8175,8180
19.694983,10597,8173,8182
19.704078,10591,8178,8180
19.715428,10588,8178,8180
19.724037,10582,8178,8180
19.73507,10582,8178,8182
19.743611,10582,8178,8180
19.755101,10580,8178,8182
19.766192,10582,8178,8182
19.775215,10582,8178,8182
19.786651,10580,8178,8180
19.793112,10585,8178,8182
19.804298,10582,8178,8180
19.815571,10580,8175,8180
19.824569,10582,8175,8182
19.836184,10582,8175,8182
19.842288,10577,8175,8182
19.85348,10580,8175,8182
19.864697,10582,8175,8182
19.876304,10577,8175,8182
19.884699,10580,8173,8182
19.892463,10574,8175,8180
19.90442,10571,8175,8182
19.915537,10571,8178,8180
19.924039,10571,8178,8182
19.932974,10566,8178,8182
19.943936,10566,8178,8180
19.953009,10561,8178,8182
19.964659,10563,8178,8180
19.975232,10558,8178,8180
19.985807,10552,8178,8180
19.994835,10552,8178,8182
20.0065,10550,8178,8185
20.012545,10547,8178,8182
20.024123,10547,8175,8180
20.035677,10543,8175,8182
20.044672,10538,8175,8180
20.053549,10541,8175,8182
20.0644,10535,8175,8180
20.073394,10538,8175,8182
20.085001,10532,8175,8182
20.094064,10527,8175,8182
20.105651,10524,8175,8180
20.114692,10522,8175,8180
20.126218,10516,8175,8182
20.132667,10508,8175,8182
20.144321,10511,8175,8180
20.153327,10505,8175,8182
20.164654,10496,8175,8182
20.173276,10490,8175,8180
20.184208,10487,8175,8180
20.192253,10482,8175,8177
20.206004,10479,8175,8180
20.212112,10471,8175,8180
20.220658,10468,8175,8180
20.234092,10466,8175,8180
20.244472,10460,8175,8180
20.253378,10457,8175,8182
20.264009,10457,8175,8180
20.274456,10452,8175,8180
20.282438,10452,8175,8180
20.293307,10447,8175,8180
20.304144,10447,8175,8180
20.312337,10444,8175,8182
20.322848,10441,8175,8182
20.333314,10438,8178,8182
20.344221,10438,8178,8182
20.351884,10436,8178,8180
20.362512,10436,8178,8180
20.37374,10436,8178,8180
20.384502,10433,8178,8182
20.393255,10436,8178,8177
20.404842,10436,8178,8180
20.413871,10433,8178,8180
20.425528,10430,8178,8180
20.431199,10428,8178,8180
20.442882,10425,8175,8177
20.454489,10422,8175,8182
20.46312,10422,8175,8180
20.474842,10422,8175,8182
20.483905,10413,8175,8180
20.495282,10408,8175,8182
20.503848,10408,8173,8182
20.514977,10405,8175,8180
20.520863,10399,8175,8182
20.532052,10399,8175,8182
20.543671,10399,8175,8180
20.552667,10396,8175,8182
20.563888,10390,8175,8180
20.572121,10388,8175,8182
20.583408,10385,8175,8180
20.594693,10388,8175,8180
20.600943,10388,8175,8180
20.614709,10390,8175,8177
20.623715,10388,8175,8177
20.635382,10382,8175,8182
20.644384,10382,8175,8182
20.653328,10382,8178,8180
20.662316,10377,8178,8180
20.673886,10374,8178,8180
20.682881,10374,8178,8182
20.694384,10374,8178,8182
20.703375,10374,8175,8182
20.714105,10374,8178,8180
20.725285,10377,8178,8182
20.731353,10382,8178,8182
20.742506,10388,8178,8182
20.750962,10390,8178,8180
20.764769,10393,8178,8182
20.773793,10393,8178,8182
20.782824,10393,8178,8180
20.79107,10396,8178,8180
20.802521,10393,8178,8180
20.814137,10399,8178,8177
20.822281,10399,8178,8180
20.831286,10396,8178,8182
20.842442,10396,8178,8177
20.853582,10393,8175,8182
20.862301,10393,8175,8182
20.871289,10390,8175,8180
20.884522,10393,8173,8180
20.891771,10390,8175,8180
20.902805,10393,8175,8180
20.911945,10393,8175,8180
20.923605,10390,8173,8180
20.932412,10385,8175,8180
20.943793,10382,8175,8180
20.954446,10380,8175,8182
20.960806,10377,8178,8180
20.974599,10369,8178,8182
20.983659,10369,8181,8180
20.992714,10363,8178,8180
21.001791,10360,8178,8180
21.013394,10360,8178,8180
21.022365,10357,8178,8180
21.033988,10360,8178,8180
21.040178,10357,8178,8180
21.0539,10354,8178,8180
21.062916,10354,8178,8182
21.074084,10351,8175,8182
21.08052,10349,8175,8182
21.094529,10351,8175,8182
21.103564,10349,8175,8180
21.11491,10351,8175,8182
21.121387,10346,8175,8185
21.133046,10346,8175,8182
21.141992,10343,8175,8180
21.152729,10341,8175,8180
21.160951,10338,8175,8180
21.17255,10338,8175,8182
21.183963,10335,8175,8180
21.192962,10335,8175,8182
21.201519,10338,8175,8182
21.210543,10338,8175,8182
21.224217,10338,8173,8177
21.23321,10335,8175,8180
21.241509,10335,8175,8180
21.250501,10335,8175,8182
21.264278,10335,8175,8182
21.272526,10338,8175,8180
21.282434,10338,8178,8180
21.291203,10338,8178,8182
21.301794,10341,8178,8180
21.310797,10341,8178,8177
21.322166,10335,8178,8182
21.331161,10335,8178,8180
21.342777,10338,8178,8180
21.353763,10338,8178,8180
21.362754,10338,8178,8180
21.371311,10338,8178,8182
21.385057,10341,8175,8180
21.393851,10338,8175,8180
21.403129,10335,8175,8180
21.411536,10341,8175,8180
21.420578,10341,8175,8182
21.433814,10338,8173,8177
21.440336,10338,8175,8180
21.452047,10335,8175,8182
21.460957,10333,8175,8182
21.472006,10333,8175,8182
21.481254,10335,8173,8180
21.490989,10338,8178,8180
21.502127,10338,8178,8182
21.513738,10333,8178,8177
21.522772,10341,8178,8180
21.533807,10346,8178,8177
21.539934,10351,8178,8180
21.550987,10354,8178,8182
21.562566,10351,8178,8182
21.571537,10357,8178,8180
21.583186,10354,8178,8180
21.589649,10357,8175,8180
21.600996,10354,8175,8180
21.612135,10357,8175,8180
21.623736,10357,8175,8180
21.630146,10360,8175,8177
21.641282,10366,8175,8180
21.652171,10369,8175,8180
21.661168,10371,8175,8180
21.67281,10380,8175,8182
21.681393,10385,8175,8180
21.692984,10393,8175,8180
21.703865,10396,8175,8180
21.710271,10401,8175,8180
21.721929,10410,8175,8182
21.730925,10416,8175,8182
21.742565,10419,8175,8182
21.75122,10425,8175,8180
21.760228,10428,8175,8182
21.770227,10430,8175,8182
21.78117,10436,8175,8180
21.789671,10438,8175,8177
21.799844,10438,8178,8180
21.810589,10438,8178,8180
21.822204,10438,8178,8177
21.831136,10441,8178,8180
21.84017,10438,8178,8182
21.8518,10438,8178,8182
21.860793,10436,8178,8180
21.872695,10436,8178,8180
21.881058,10425,8178,8182
21.890031,10425,8178,8180
21.901216,10419,8178,8180
21.91249,10416,8175,8180
21.921527,10413,8175,8180
21.932913,10410,8175,8180
21.941997,10408,8175,8182
21.953003,10405,8175,8182
21.962093,10405,8175,8180
21.970646,10401,8175,8180
21.982265,10399,8175,8177
21.993301,10399,8175,8182
21.999339,10396,8175,8180
22.010948,10396,8175,8182
22.019994,10396,8175,8182
22.031346,10393,8175,8180
22.042912,10388,8175,8177
22.049325,10388,8175,8182
22.060996,10388,8175,8182
22.070006,10388,8175,8182
22.079057,10382,8175,8180
22.090635,10385,8175,8177
22.101841,10380,8175,8182
22.11006,10382,8175,8177
22.121669,10382,8175,8180
22.133234,10377,8175,8182
22.139652,10374,8175,8182
22.150576,10374,8175,8180
22.161667,10371,8175,8177
22.170542,10369,8175,8182
22.179039,10366,8175,8180
22.19263,10357,8175,8182
22.199062,10357,8175,8182
22.213129,10351,8175,8182
22.219668,10346,8178,8182
22.231217,10341,8178,8180
22.240216,10335,8178,8180
22.25131,10324,8178,8180
22.260312,10316,8178,8182
22.271926,10307,8178,8180
22.280942,10303,8178,8180
22.292726,10295,8178,8180
22.298995,10293,8178,8180
22.310592,10287,8178,8177
22.319598,10285,8178,8182
22.330257,10282,8178,8180
22.341844,10276,8178,8180
22.348024,10271,8178,8177
22.362151,10263,8178,8180
22.371144,10260,8175,8180
22.382649,10255,8178,8180
22.391038,10252,8178,8180
22.399641,10249,8178,8177
22.411071,10244,8178,8177
22.419519,10249,8178,8180
22.430604,10244,8178,8182
22.439612,10249,8178,8182
22.447934,10244,8178,8180
22.459568,10244,8178,8180
22.471251,10233,8178,8180
22.481923,10233,8178,8180
22.490997,10229,8178,8182
22.502183,10224,8178,8180
22.511182,10218,8178,8180
22.520228,10215,8178,8180
22.529022,10212,8178,8182
22.540024,10212,8178,8182
22.551107,10209,8178,8180
22.562248,10209,8178,8180
22.568649,10209,8178,8182
22.582368,10209,8178,8180
22.59126,10207,8178,8182
22.602412,10209,8178,8180
22.60884,10207,8178,8180
22.61994,10204,8178,8177
22.63129,10201,8178,8180
22.642058,10201,8178,8177
22.64836,10196,8178,8182
22.659463,10199,8178,8180
22.668461,10196,8178,8180
22.67992,10190,8178,8180
22.688918,10190,8178,8180
22.700586,10190,8178,8180
22.709576,10190,8178,8177
22.721159,10185,8178,8180
22.729892,10185,8178,8177
22.738886,10185,8175,8182
22.750534,10177,8175,8180
22.759503,10174,8175,8180
22.771111,10174,8175,8177
22.77753,10165,8175,8182
22.791233,10162,8175,8177
22.799712,10154,8175,8182
22.811359,10152,8175,8182
22.820354,10152,8175,8182
22.828719,10146,8175,8180
22.84029,10138,8175,8177
22.851859,10135,8181,8180
22.860866,10126,8181,8180
22.869375,10121,8181,8180
22.880852,10115,8181,8182
22.891435,10109,8181,8177
22.897879,10106,8181,8177
22.909315,10101,8181,8180
22.918352,10093,8181,8180
22.932093,10079,8181,8180
22.94114,10074,8181,8180
22.950154,10071,8175,8180
22.958411,10066,8175,8180
22.969142,10057,8175,8177
22.980742,10060,8175,8180
22.989819,10060,8175,8185
22.998437,10060,8175,8180
23.010035,10063,8175,8185
23.019082,10066,8175,8180
23.030702,10076,8175,8180
23.039729,10076,8175,8180
23.050798,10085,8175,8180
23.059018,10087,8178,8182
23.069821,10095,8178,8182
23.078769,10093,8178,8185
23.090301,10095,8175,8180
23.099146,10098,8178,8182
23.110766,10098,8178,8182
23.119305,10098,8178,8180
23.128362,10098,8178,8177
23.140006,10098,8178,8182
23.150591,10101,8178,8177
23.15952,10104,8175,8182
23.171145,10109,8175,8182
23.180202,10112,8175,8180
23.189027,10115,8175,8182
23.200672,10112,8175,8177
23.209688,10115,8175,8182
23.218719,10115,8175,8182
23.230321,10118,8175,8180
23.239301,10121,8175,8180
23.250643,10118,8175,8180
23.259643,10121,8175,8182
23.268547,10123,8175,8182
23.280128,10130,8175,8180
23.28916,10133,8175,8180
23.297853,10135,8175,8180
23.309434,10143,8175,8180
23.320914,10149,8175,8177
23.329737,10152,8175,8180
23.338735,10154,8175,8177
23.349426,10154,8175,8182
23.358049,10160,8175,8185
23.369618,10165,8175,8180
23.378335,10174,8175,8180
23.387408,10168,8175,8182
23.398472,10180,8175,8177
23.407433,10188,8175,8180
23.418919,10190,8175,8180
23.4301,10196,8175,8182
23.438857,10201,8175,8182
23.450552,10207,8175,8182
23.459502,10212,8175,8180
23.468408,10218,8175,8182
23.479662,10224,8178,8180
23.490753,10224,8178,8182
23.499754,10224,8178,8180
23.506088,10224,8178,8182
23.51987,10221,8178,8180
23.530744,10221,8178,8180
23.539217,10221,8178,8180
23.548029,10218,8178,8180
23.559716,10215,8178,8177
23.568732,10215,8178,8180
23.580332,10212,8175,8180
23.589329,10212,8175,8177
23.60058,10207,8175,8182
23.609591,10204,8175,8180
23.621175,10201,8175,8180
23.627622,10199,8175,8182
23.639174,10193,8173,8177
23.648083,10185,8175,8177
23.659692,10180,8175,8180
23.668696,10170,8175,8182
23.680457,10165,8175,8180
23.689577,10154,8175,8180
23.700372,10149,8175,8180
23.709283,10141,8175,8180
23.717915,10130,8175,8182
23.7268,10123,8175,8182
23.738343,10112,8175,8180
23.747277,10101,8175,8180
23.758333,10093,8175,8177
23.767287,10079,8173,8180
23.77881,10071,8175,8182
23.787818,10063,8175,8180
23.799425,10052,8175,8180
23.80839,10044,8175,8180
23.819985,10035,8175,8180
23.828878,10020,8175,8177
23.840218,10020,8175,8180
23.845954,10007,8175,8177
23.856802,9996,8175,8180
23.870419,9985,8175,8180
23.876829,9977,8175,8177
23.888441,9957,8175,8177
23.901188,9946,8175,8180
23.909519,9934,8175,8174
23.918259,9918,8175,8174
23.929925,9904,8175,8177
23.936416,9879,8175,8177
23.950322,9860,8175,8177
23.959371,9828,8175,8177
23.97081,9807,8175,8174
23.977337,9774,8175,8174
23.988608,9567,8175,8185
23.99767,9570,8178,8180
24.008734,9465,8178,8177
24.019357,9337,8178,8177
24.030052,9163,8178,8177
24.039047,8974,8178,8177
24.050436,8777,8178,8177
24.056908,8603,8178,8177
24.068569,8452,8181,8177
24.077028,8326,8183,8177
24.088626,8225,8191,8177
24.097238,8155,8201,8177
24.106229,8101,8214,8177
24.117484,8042,8227,8174
24.126073,8012,8239,8177
24.140262,7970,8255,8174
24.146753,7934,8257,8177
24.158459,7912,8270,8180
24.167352,7923,8278,8180
24.178719,7881,8291,8177
24.187829,7878,8299,8177
24.199216,7884,8308,8174
24.208242,7857,8308,8174
24.2196,7827,8315,8180
24.225674,7843,8320,8172
24.236878,7840,8331,8177
24.248029,7838,8323,8182
24.259648,7848,8328,8182
24.266069,7862,8328,8177
24.277244,7865,8331,8174
24.288859,7889,8333,8177
24.299563,7857,8323,8182
24.308576,7915,8323,8174
24.316874,7906,8323,8167
24.328488,7898,8333,8174
24.33666,7926,8315,8185
24.347661,7986,8320,8174
24.356557,7964,8318,8174
24.368122,7975,8315,8182
24.376715,7967,8310,8177
24.388299,8020,8310,8180
24.396843,7975,8308,8163
24.408002,8015,8308,8177
24.417234,7972,8304,8169
24.429029,8020,8308,8169
24.437708,7972,8308,8180
24.449315,7967,8308,8177
24.455824,8023,8308,8177
24.467119,7953,8301,8180
24.476151,7983,8301,8177
24.487531,7940,8313,8174
24.496505,7983,8308,8185
24.508103,7967,8310,8174
24.516647,7953,8308,8172
24.525625,7932,8308,8185
24.539255,7937,8308,8172
24.548048,7926,8308,8182
24.559192,7940,8310,8180
24.565137,7934,8310,8174
24.576267,7967,8308,8177
24.587921,7964,8308,8177
24.596939,7932,8310,8172
24.608544,7937,8308,8169
24.61753,7926,8308,8177
24.628785,7953,8301,8177
24.639408,7929,8313,8174
24.648195,7906,8320,8172
24.657225,7898,8320,8180
24.666255,7873,8310,8172
24.677234,7873,8318,8180
24.688644,7873,8320,8182
24.695071,7929,8320,8177
24.706388,7889,8310,8177
24.715434,7889,8323,8180
24.729076,7867,8326,8180
24.735319,7846,8326,8187
24.745744,7843,8331,8172
24.757984,7904,8333,8172
24.765386,7878,8338,8185
24.776672,7875,8328,8180
24.788228,7829,8328,8177
24.797235,7881,8338,8180
24.808509,7862,8328,8172
24.816995,7893,8331,8177
24.825776,7915,8333,8172
24.837367,7929,8333,8172
24.846394,7923,8333,8180
24.85799,7923,8331,8174
24.866918,7912,8318,8177
24.875159,7918,8323,8182
24.886083,7904,8320,8177
24.897699,7948,8315,8177
24.906909,7951,8315,8169
24.915978,8012,8315,8174
24.927152,7972,8313,8174
24.938446,7988,8308,8182
24.947494,8015,8308,8180
24.956551,8003,8308,8174
24.96563,7988,8304,8174
24.97732,7986,8308,8177
24.987967,8045,8308,8180
24.996987,7998,8299,8177
25.008483,8000,8301,8180
25.017287,8007,8299,8174
25.025604,8003,8294,8177
25.036687,8007,8299,8174
25.045459,8053,8299,8185
25.057136,8020,8299,8180
25.067988,8072,8296,8177
25.074415,8106,8291,8182
25.085989,8103,8283,8177
25.095031,8136,8273,8177
25.106424,8217,8273,8182
25.115412,8214,8268,8180
25.126624,8246,8257,8180
25.137792,8288,8252,8174
25.146788,8334,8242,8182
25.158017,8417,8230,8182
25.167074,8509,8217,8185
25.178204,8642,8201,8182
25.184636,8777,8186,8187
25.195768,8916,8173,8187
25.20681,9002,8173,8185
25.217537,9192,8178,8187
25.226537,9305,8170,8203
25.237984,9412,8193,8203
25.246426,9513,8173,8205
25.255419,9601,8178,8203
25.266222,9679,8175,8203
25.277453,9753,8175,8205
25.286467,9823,8175,8208
25.295485,9876,8175,8205
25.304495,9923,8175,8203
25.315756,9965,8175,8205
25.327532,9996,8175,8205
25.336519,10026,8175,8205
25.345547,10060,8175,8205
25.357189,10079,8175,8205
25.366059,10098,8175,8208
25.377561,10106,8175,8208
25.38656,10133,8175,8205
25.398142,10149,8175,8205
25.404406,10162,8175,8205
25.41609,10209,8175,8200
25.425629,10271,8175,8195
25.43682,10335,8175,8190
25.445838,10393,8175,8185
25.457456,10447,8175,8182
25.463913,10479,8181,8185
25.477666,10508,8181,8180
25.486698,10530,8181,8182
25.49834,10547,8181,8185
25.50484,10566,8181,8182
25.516076,10585,8181,8182
25.527323,10603,8181,8182
25.535545,10625,8181,8182
25.544527,10652,8181,8185
25.556172,10672,8181,8182
25.564387,10697,8175,8182
25.576002,10719,8175,8182
25.587662,10739,8175,8180
25.594091,10752,8175,8182
25.605271,10769,8173,8182
25.614278,10784,8175,8182
25.625868,10798,8175,8182
25.634855,10803,8175,8182
25.646465,10811,8175,8182
25.655316,10819,8175,8182
25.666713,10814,8175,8182
25.67558,10833,8178,8182
25.686147,10838,8178,8185
25.695232,10850,8178,8185
25.706855,10853,8178,8180
25.715855,10858,8178,8180
25.727491,10858,8178,8185
25.736511,10864,8178,8180
25.746795,10864,8178,8180
25.756673,10856,8178,8182
25.764977,10853,8178,8180
25.774007,10841,8175,8182
25.787118,10825,8175,8180
25.795658,10803,8175,8180
25.804671,10771,8173,8180
25.815292,10731,8173,8182
25.824315,10686,8173,8180
25.837411,10636,8175,8182
25.843439,10582,8175,8177
25.8543,10547,8175,8180
25.864766,10494,8175,8180
25.876197,10463,8175,8180
25.887152,10436,8178,8180
25.895639,10416,8178,8180
25.906582,10441,8178,8185
25.915106,10468,8178,8182
25.927256,10547,8178,8187
25.933761,10625,8178,8187
25.945183,10714,8178,8185
25.954251,10784,8178,8185
25.96549,10825,8178,8182
25.976944,10841,8175,8182
25.986005,10853,8178,8182
25.997155,10850,8178,8180
26.006157,10847,8178,8185
26.014733,10844,8178,8182
26.023732,10838,8175,8182
26.034863,10830,8178,8182
26.046484,10822,8175,8182
26.057869,10817,8178,8182
26.064334,10811,8178,8182
26.075892,10809,8178,8182
26.086725,10803,8175,8182
26.095942,10803,8178,8182
26.104634,10803,8178,8180
26.113495,10803,8178,8180
26.127267,10806,8178,8182
26.135875,10806,8178,8185
26.144394,10806,8178,8182
26.155424,10806,8178,8180
26.164469,10811,8178,8182
26.176119,10814,8178,8182
26.18512,10822,8175,8182
26.196758,10822,8178,8182
26.20575,10825,8178,8182
26.214685,10833,8178,8182
26.226354,10838,8178,8180
26.235084,10844,8178,8180
26.244086,10847,8175,8182
26.255689,10858,8178,8182
26.26469,10864,8178,8182
26.276305,10870,8178,8182
26.28532,10876,8178,8180
26.296936,10881,8178,8180
26.305939,10884,8175,8182
26.314926,10892,8175,8182
26.323929,10896,8175,8185
26.335557,10904,8175,8182
26.343927,10917,8175,8182
26.355516,10923,8175,8182
26.366527,10928,8175,8182
26.37552,10936,8175,8182
26.386879,10936,8175,8185
26.395662,10936,8175,8185
26.404124,10939,8178,8182
26.414989,10939,8178,8182
26.424005,10936,8178,8182
26.435365,10936,8178,8182
26.444006,10939,8181,8182
26.455076,10942,8178,8185
26.466737,10942,8178,8182
26.475762,10939,8178,8182
26.483927,10936,8178,8182
26.492884,10939,8178,8182
26.504012,10936,8178,8182
26.515575,10939,8175,8180
26.524546,10939,8175,8180
26.535916,10939,8175,8182
26.54494,10944,8175,8185
26.556619,10939,8175,8182
26.565641,10942,8175,8180
26.574654,10944,8175,8182
26.583643,10947,8175,8182
26.594884,10952,8175,8182
26.606001,10958,8175,8185
26.614741,10965,8178,8182
26.626349,10965,8178,8180
26.635363,10965,8178,8182
26.646726,10965,8178,8180
26.65314,10962,8178,8180
26.664734,10958,8175,8180
26.673737,10952,8178,8182
26.685355,10944,8178,8185
26.694315,10944,8178,8182
26.703334,10939,8178,8182
26.714369,10936,8178,8180
26.7234,10933,8175,8180
26.735044,10931,8175,8185
26.744047,10931,8175,8185
26.755321,10928,8175,8182
26.76633,10925,8175,8180
26.772746,10925,8173,8182
26.783457,10925,8175,8180
26.792492,10923,8175,8182
26.80408,10923,8175,8182
26.813098,10920,8175,8185
26.824782,10923,8178,8182
26.833786,10917,8178,8182
26.844953,10917,8178,8182
26.856147,10920,8178,8182
26.864603,10917,8178,8180
26.874788,10917,8178,8180
26.883087,10917,8178,8182
26.894678,10917,8178,8182
26.906413,10914,8178,8182
26.914936,10912,8178,8182
26.924084,10909,8178,8180
26.935958,10906,8175,8182
26.943976,10898,8175,8185
26.952924,10901,8173,8180
26.964633,10892,8175,8182
26.973671,10889,8175,8182
26.985371,10884,8175,8182
26.991734,10881,8175,8182
27.005741,10878,8175,8185
27.014698,10876,8175,8182
27.023569,10866,8175,8180
27.035198,10870,8178,8182
27.0442,10866,8178,8182
27.052699,10856,8178,8180
27.064279,10853,8178,8180
27.0759,10844,8178,8180
27.082324,10847,8178,8177
27.094059,10844,8178,8180
27.103121,10836,8178,8177
27.114707,10838,8178,8182
27.123248,10836,8178,8182
27.13487,10836,8178,8180
27.143876,10830,8178,8182
27.155456,10833,8178,8182
27.166107,10828,8178,8182
27.171783,10825,8178,8180
27.182265,10822,8178,8182
27.193429,10825,8178,8180
27.205026,10817,8178,8182
27.214056,10819,8178,8180
27.222856,10817,8178,8182
27.233996,10817,8178,8177
27.245603,10817,8175,8180
27.251997,10814,8175,8180
27.263655,10814,8175,8182
27.272681,10819,8175,8180
27.283836,10819,8175,8180
27.294503,10819,8175,8182
27.303009,10828,8175,8180
27.314061,10830,8175,8180
27.325129,10830,8175,8182
27.33327,10828,8175,8182
27.341523,10822,8175,8182
27.35205,10819,8175,8185
27.363504,10814,8175,8182
27.372362,10811,8175,8180
27.383588,10806,8175,8182
27.392597,10798,8175,8182
27.404243,10798,8175,8180
27.415098,10795,8175,8180
27.42089,10792,8175,8182
27.43138,10790,8175,8182
27.444623,10790,8175,8182
27.453701,10787,8178,8182
27.462204,10787,8178,8180
27.47377,10787,8178,8182
27.482369,10781,8178,8185
27.493574,10776,8178,8180
27.50262,10776,8178,8180
27.513669,10779,8178,8177
27.522496,10771,8178,8182
27.533113,10776,8178,8182
27.543858,10771,8178,8182
27.552871,10771,8178,8182
27.56419,10776,8175,8180
27.574813,10779,8175,8180
27.583939,10779,8175,8180
27.592981,10784,8175,8182
27.602012,10781,8175,8182
27.613667,10781,8175,8182
27.622215,10784,8175,8180
27.633811,10781,8175,8182
27.644881,10781,8175,8182
27.651329,10779,8175,8180
27.664756,10776,8175,8180
27.671181,10771,8175,8180
27.682794,10769,8175,8182
27.693445,10769,8175,8182
27.702405,10763,8175,8185
27.713623,10763,8175,8182
27.722653,10769,8175,8180
27.73396,10769,8173,8180
27.742586,10766,8175,8180
27.753302,10769,8175,8182
27.760868,10769,8178,8182
27.77327,10769,8175,8180
27.783607,10766,8178,8182
27.792597,10771,8178,8177
27.80429,10771,8178,8182
27.812293,10766,8178,8182
27.823515,10766,8178,8180
27.832315,10769,8178,8182
27.844118,10771,8175,8180
27.850659,10776,8178,8182
27.862237,10771,8178,8180
27.87119,10779,8178,8182
27.88249,10781,8175,8182
27.890473,10784,8178,8182
27.901077,10784,8178,8182
27.91192,10784,8178,8182
27.922724,10790,8178,8185
27.933521,10790,8178,8182
27.941636,10792,8178,8180
27.952888,10792,8178,8180
27.964166,10795,8178,8180
27.972422,10798,8178,8180
27.983938,10798,8178,8180
27.992492,10806,8178,8182
28.003839,10806,8178,8180
28.012834,10809,8178,8182
28.021041,10809,8178,8182
28.032531,10811,8178,8182
28.041524,10811,8178,8182
28.053065,10814,8178,8182
28.06208,10817,8178,8182
28.073682,10822,8178,8182
28.082709,10825,8178,8182
28.094022,10833,8178,8185
28.100417,10836,8175,8182
28.111665,10841,8178,8180
28.120267,10850,8178,8180
28.134142,10853,8178,8180
28.14314,10866,8178,8182
28.152195,10873,8178,8185
28.161212,10878,8178,8182
28.172352,10889,8178,8182
28.184012,10898,8173,8180
28.192908,10906,8175,8180
28.201956,10914,8173,8180
28.213691,10917,8175,8182
28.222765,10923,8175,8185
28.231448,10923,8175,8182
28.240481,10928,8175,8182
28.252115,10933,8175,8182
28.263775,10936,8175,8185
28.269808,10944,8175,8182
28.279865,10950,8175,8182
28.291521,10947,8178,8182
28.300976,10952,8178,8182
28.314216,10952,8178,8182
28.32062,10950,8175,8180
28.332283,10952,8178,8180
28.340651,10950,8178,8180
28.349991,10958,8178,8182
28.360686,10962,8178,8185
28.371382,10965,8178,8185
28.38299,10971,8178,8177
28.391325,10973,8178,8182
28.402607,10981,8178,8182
28.410817,10984,8178,8182
28.421629,10990,8178,8180
28.433751,10995,8175,8182
28.442838,10998,8178,8182
28.451313,10998,8178,8182
28.462185,10995,8178,8185
28.471313,10998,8178,8182
28.482627,10995,8178,8180
28.490717,10998,8178,8182
28.502451,10995,8178,8182
28.511045,10995,8178,8182
28.5228,10995,8178,8182
28.531016,10995,8178,8185
28.540009,10992,8178,8182
28.551418,10990,8178,8182
28.563054,10995,8178,8182
28.571984,10992,8175,8182
28.580869,10990,8178,8180
28.592341,10992,8178,8182
28.600967,10984,8178,8182
28.612151,10981,8175,8182
28.620083,10981,8178,8185
28.631334,10981,8178,8180
28.640376,10987,8178,8180
28.65145,10990,8175,8180
28.660462,10992,8178,8180
28.672116,10992,8175,8182
28.680576,10992,8178,8182
28.692153,10995,8175,8182
28.703121,10995,8178,8185
28.712108,10998,8178,8185
28.723467,11000,8178,8180
28.729875,11003,8178,8182
28.741222,11003,8178,8182
28.75025,11003,8178,8182
28.761925,11011,8178,8182
28.770591,11018,8178,8180
28.782199,11015,8178,8182
28.791288,11020,8178,8180
28.802915,11023,8178,8182
28.811962,11026,8175,8185
28.821035,11023,8178,8180
28.830035,11026,8178,8182
28.841367,11028,8175,8182
28.850398,11026,8178,8182
28.862063,11026,8175,8182
28.871084,11023,8178,8182
28.882754,11023,8178,8182
28.891767,11020,8178,8185
28.903292,11018,8178,8185
28.90971,11018,8178,8180
28.921494,11020,8178,8182
28.930262,11020,8178,8185
28.941807,11026,8178,8180
28.95079,11023,8178,8182
28.962296,11023,8178,8182
28.971404,11026,8178,8182
28.982818,11020,8178,8182
28.991863,11018,8178,8182
29.000881,11020,8178,8185
29.009874,11015,8178,8182
29.021468,11009,8181,8180
29.030474,11009,8181,8182
29.04162,11003,8181,8180
29.05233,10998,8181,8185
29.061353,10998,8181,8180
29.073023,10992,8181,8182
29.082054,10990,8181,8182
29.091165,10987,8181,8180
29.100162,10976,8181,8182
29.111881,10968,8181,8182
29.120618,10962,8181,8182
29.132234,10962,8175,8182
29.138645,10962,8178,8182
29.152858,10965,8178,8180
29.161911,10965,8178,8180
29.170773,10973,8178,8182
29.179788,10976,8178,8180
29.191401,10979,8178,8182
29.200385,10981,8178,8180
29.212077,10981,8178,8180
29.22118,10981,8178,8182
29.230094,10987,8175,8182
29.241671,10995,8175,8182
29.253114,10998,8175,8182
29.259568,11000,8175,8180
29.270851,10998,8175,8180
29.282336,10998,8173,8180
29.291367,10995,8175,8180
29.299947,10992,8175,8182
29.311126,10990,8175,8180
29.32017,10981,8175,8185
29.331372,10973,8173,8182
29.337793,10965,8181,8180
29.349318,10955,8181,8185
29.362337,10950,8181,8182
29.371323,10947,8181,8180
29.38033,10942,8181,8180
29.391318,10933,8181,8180
29.399902,10925,8181,8180
29.411532,10912,8181,8180
29.421112,10901,8181,8180
29.432013,10884,8181,8180
29.44104,10873,8178,8182
29.451021,10853,8175,8182
29.462036,10836,8178,8180
29.468522,10819,8178,8180
29.482303,10800,8178,8180
29.49137,10784,8175,8180
29.500014,10763,8178,8180
29.509018,10750,8178,8177
29.519615,10728,8178,8177
29.531223,10708,8178,8180
29.539811,10689,8178,8182
29.548357,10665,8178,8177
29.557004,10638,8175,8177
29.571184,10606,8178,8180
29.582321,10571,8178,8177
29.58873,10535,8175,8177
29.600029,10490,8175,8180
29.60903,10438,8175,8177
29.619868,10380,8178,8177
29.631403,10307,8178,8177
29.640401,10233,8178,8177
29.651941,10143,8175,8180
29.660931,10031,8175,8180
29.669552,9906,8175,8174
29.680668,9777,8175,8177
29.689674,9654,8173,8177
29.701271,9532,8175,8177
29.710233,9407,8175,8177
29.721885,9282,8175,8177
29.728326,9171,8175,8177
29.739018,9050,8175,8177
29.750675,8926,8175,8177
29.759592,8793,8178,8177
29.771266,8664,8178,8177
29.780313,8519,8178,8177
29.791827,8412,8181,8177
29.800668,8315,8183,8180
29.809717,8252,8191,8174
29.818702,8198,8201,8177
29.830337,8166,8209,8177
29.83931,8141,8219,8174
29.850664,8122,8224,8177
29.859669,8083,8227,8177
29.868691,8074,8237,8177
29.880285,8055,8242,8172
29.891886,8037,8250,8174
29.898044,8047,8252,8177
29.909208,7995,8260,8174
29.920969,8003,8268,8177
29.928894,8015,8270,8177
29.939932,7988,8276,8172
29.9511,7959,8278,8174
29.960164,7967,8286,8177
29.971666,7975,8288,8177
29.978143,7972,8291,8182
29.989858,7998,8294,8174
29.998896,7991,8296,8174
30.010345,8023,8291,8185
30.019344,8053,8296,8182
30.031039,8066,8288,8180
30.040028,8042,8291,8177
30.051626,8034,8291,8177
30.06064,8026,8288,8180
30.069339,8031,8288,8174
30.078364,8058,8286,8174
30.089993,8061,8291,8177
30.099012,8058,8288,8182
30.110482,8031,8288,8185
30.119475,8058,8286,8180
30.130829,8020,8294,8174
30.14089,8066,8286,8177
30.147164,8028,8286,8172
30.158041,8050,8283,8182
30.16936,8028,8291,8187
30.178947,8026,8288,8182
30.189243,8031,8299,8180
30.199396,8009,8291,8174
30.209005,8020,8291,8182
30.219222,8007,8294,8180
30.229147,8007,8294,8185
30.238552,8034,8296,8174
30.24937,8003,8288,8174
30.257565,8015,8299,8177
30.268865,8026,8291,8180
30.277922,8039,8291,8180
30.289553,8000,8286,8190
30.300813,8039,8288,8177
30.309846,8020,8288,8169
30.318303,8018,8296,8180
30.326557,8047,8291,8180
30.337687,8045,8291,8180
30.351111,7995,8294,8169
30.357522,8009,8291,8177
30.369045,8028,8296,8177
30.378039,8020,8299,8172
30.389674,8028,8294,8174
30.400287,8042,8291,8177
30.406696,8050,8294,8174
30.418083,8015,8294,8177
30.429099,8000,8291,8172
30.437865,8007,8286,8174
30.449825,8018,8291,8177
30.458099,8020,8288,8180
30.467149,8015,8288,8180
30.481059,8009,8288,8174
30.487581,8018,8294,8177
30.499301,8018,8286,8172
30.510267,8003,8296,8177
30.519277,8053,8291,8177
30.530885,7986,8291,8177
30.537297,8015,8286,8180
30.548904,8007,8291,8174
30.560105,8023,8291,8177
30.569098,8047,8299,8182
30.578135,8023,8294,8174
30.586688,8053,8283,8177
30.598035,8026,8286,8185
30.609644,7995,8288,8177
30.618092,7988,8291,8177
30.62968,7978,8291,8177
30.63811,7986,8286,8174
30.647106,8003,8291,8182
30.658714,7995,8291,8182
30.669333,7988,8288,8177
30.677514,7983,8296,8182
30.689146,7995,8299,8180
30.700743,7975,8299,8182
30.707154,7975,8296,8174
30.718817,7956,8304,8177
30.727811,7967,8299,8177
30.739465,7972,8304,8177
30.750167,7964,8304,8177
30.759604,7988,8296,8174
30.767561,7942,8308,8177
30.77992,7959,8304,8177
30.785816,7951,8308,8177
30.800056,7934,8308,8180
30.809054,7915,8310,8174
30.82018,7878,8313,8172
30.826598,7843,8318,8169
30.838181,7881,8318,8174
30.847193,7846,8326,8180
30.858839,7851,8328,8172
30.869442,7857,8336,8177
30.878577,7859,8333,8177
30.890103,7854,8323,8174
30.896507,7881,8336,8174
30.907453,7893,8323,8177
30.915974,7915,8328,8180
30.929756,7906,8333,8177
30.939252,7898,8320,8180
30.94609,7970,8320,8180
30.957745,8015,8318,8182
30.969362,8077,8308,8177
30.978456,8080,8301,8180
30.990152,8166,8294,8177
30.998826,8163,8283,8182
31.007221,8192,8273,8180
31.018781,8260,8265,8177
31.030063,8296,8255,8177
31.039057,8404,8242,8180
31.048059,8458,8227,8185
31.056761,8586,8206,8185
31.068357,8738,8191,8185
31.079714,8885,8175,8187
31.086123,8999,8168,8187
31.097222,9157,8212,8142
31.106284,9307,8127,8203
31.120162,9410,8173,8203
31.126571,9524,8175,8205
31.138202,9631,8178,8205
31.147052,9718,8175,8208
31.158711,9799,8175,8208
31.169768,9874,8181,8208
31.176176,9918,8175,8208
31.187776,9965,8178,8210
31.19682,10007,8175,8210
31.207956,10041,8178,8210
31.219216,10079,8178,8210
31.228267,10109,8178,8208
31.237194,10130,8178,8210
31.248035,10160,8178,8208
31.259234,10177,8175,8210
31.265665,10207,8178,8210
31.27719,10247,8178,8210
31.286232,10338,8178,8203
31.297904,10419,8175,8198
31.306806,10522,8178,8190
31.318414,10603,8178,8185
31.327316,10663,8175,8185
31.338805,10703,8175,8185
31.347913,10728,8175,8182
31.356515,10747,8175,8185
31.365589,10771,8175,8185
31.377202,10795,8175,8182
31.388387,10814,8175,8185
31.396576,10830,8175,8185
31.408164,10844,8175,8182
31.419864,10858,8175,8182
31.426457,10873,8178,8180
31.438388,10878,8178,8182
31.447505,10889,8178,8182
31.45881,10892,8178,8182
31.467531,10892,8178,8180
31.475797,10889,8175,8182
31.488045,10886,8178,8182
31.49831,10884,8178,8180
31.507332,10884,8178,8182
31.518558,10889,8178,8182
31.527146,10896,8178,8185
31.538228,10906,8178,8182
31.546638,10917,8178,8182
31.555629,10931,8178,8182
31.569249,10944,8178,8185
31.578293,10962,8178,8182
31.586827,10976,8178,8182
31.59546,10990,8178,8182
31.606604,11003,8178,8182
31.618245,11023,8178,8182
31.626804,11037,8178,8182
31.638405,11050,8178,8182
31.64701,11057,8178,8182
31.658642,11071,8178,8182
31.669223,11082,8178,8182
31.67825,11093,8178,8185
31.687291,11101,8175,8182
31.695667,11112,8178,8182
31.706765,11128,8175,8182
31.718421,11142,8178,8180
31.727421,11154,8178,8182
31.738941,11171,8178,8182
31.745103,11185,8178,8180
31.759275,11196,8178,8180
31.765747,11207,8178,8180
31.777356,11220,8178,8182
31.788976,11228,8178,8182
31.798032,11231,8175,8182
31.807027,11241,8178,8182
31.818488,11244,8175,8180
31.827485,11249,8178,8185
31.836411,11258,8178,8182
31.844982,11258,8181,8182
31.855863,11252,8181,8185
31.867457,11252,8181,8182
31.875733,11252,8181,8180
31.886825,11244,8181,8182
31.89802,11234,8178,8182
31.906983,11231,8181,8182
31.918052,11223,8181,8182
31.928901,11215,8181,8180
31.934965,11207,8181,8182
31.945399,11199,8181,8182
31.958659,11196,8175,8180
31.964215,11191,8175,8182
31.975941,11188,8175,8182
31.985008,11185,8175,8182
31.995758,11180,8175,8180
32.004187,11173,8175,8182
32.015488,11173,8175,8182
32.027026,11173,8175,8182
32.035824,11165,8175,8185
32.047408,11165,8175,8182
32.058653,11162,8178,8182
32.064264,11157,8178,8182
32.075635,11160,8178,8182
32.086747,11160,8178,8180
32.098049,11157,8178,8182
32.104507,11157,8175,8185
32.116057,11160,8178,8182
32.12506,11157,8178,8182
32.136138,11160,8178,8182
32.147741,11160,8178,8182
32.156723,11160,8178,8182
32.16586,11165,8175,8182
32.177524,11165,8175,8185
32.186001,11168,8175,8182
32.195043,11171,8175,8182
32.206656,11171,8175,8180
32.217365,11171,8175,8185
32.22862,11171,8175,8182
32.23504,11168,8175,8185
32.245542,11168,8175,8180
32.256733,11171,8175,8182
32.264959,11168,8178,8180
32.27589,11171,8178,8180
32.287008,11171,8178,8182
32.295455,11168,8178,8182
32.307061,11171,8178,8182
32.315941,11171,8178,8180
32.327554,11165,8178,8182
32.336548,11162,8178,8182
32.348191,11160,8178,8180
32.357208,11162,8178,8182
32.366226,11160,8178,8185
32.375213,11157,8178,8180
32.386662,11157,8178,8182
32.395731,11157,8178,8180
32.407331,11157,8178,8182
32.416336,11162,8178,8185
32.427665,11165,8178,8182
32.437357,11162,8178,8182
32.446784,11165,8178,8182
32.457313,11168,8178,8182
32.466365,11168,8178,8185
32.477756,11165,8175,8182
32.484254,11168,8175,8180
32.495448,11168,8175,8182
32.504489,11168,8175,8185
32.515708,11171,8175,8182
32.524761,11173,8175,8182
32.536432,11177,8175,8182
32.547058,11177,8175,8182
32.556059,11177,8175,8185
32.567355,11177,8175,8182
32.573763,11182,8175,8185
32.58754,11182,8181,8185
32.596562,11188,8181,8182
32.607639,11188,8181,8185
32.616636,11191,8181,8182
32.625672,11199,8181,8185
32.634713,11201,8181,8182
32.646331,11204,8181,8182
32.655316,11204,8181,8185
32.666529,11207,8181,8182
32.675528,11207,8181,8182
32.686692,11204,8178,8182
32.69779,11207,8178,8182
32.704194,11204,8178,8182
32.715768,11204,8178,8182
32.724833,11196,8178,8182
32.736473,11196,8178,8182
32.745484,11193,8178,8182
32.75692,11193,8178,8182
32.765918,11193,8178,8180
32.777566,11191,8178,8182
32.783743,11191,8178,8185
32.794885,11188,8178,8182
32.803904,11188,8178,8185
32.815518,11188,8178,8182
32.827102,11191,8178,8182
32.833537,11188,8178,8182
32.847226,11185,8178,8182
32.855816,11182,8178,8185
32.867321,11177,8178,8182
32.873743,11177,8178,8182
32.884977,11173,8178,8182
32.893969,11171,8175,8180
32.905213,11165,8173,8180
32.914221,11165,8175,8182
32.926036,11162,8175,8182
32.935387,11160,8175,8182
32.945413,11160,8175,8180
32.954326,11157,8175,8182
32.96576,11154,8175,8180
32.974838,11152,8175,8182
32.986519,11140,8175,8182
32.995544,11137,8175,8180
33.004563,11128,8175,8182
33.013292,11125,8175,8180
33.024385,11117,8175,8182
33.033408,11112,8175,8180
33.045068,11104,8175,8182
33.054093,11095,8175,8182
33.065722,11090,8175,8180
33.074312,11085,8175,8182
33.08593,11077,8175,8182
33.094502,11068,8175,8182
33.10565,11066,8178,8180
33.114686,11059,8178,8182
33.126291,11059,8178,8180
33.135293,11057,8178,8182
33.146808,11057,8178,8180
33.155495,11057,8178,8180
33.167146,11057,8178,8182
33.173546,11059,8178,8180
33.185151,11059,8178,8182
33.194219,11063,8178,8180
33.205818,11063,8178,8180
33.214747,11063,8178,8180
33.226346,11063,8178,8180
33.235352,11063,8178,8177
33.247029,11063,8178,8180
33.253435,11066,8178,8182
33.264759,11068,8178,8180
33.273787,11068,8178,8182
33.285114,11066,8178,8182
33.294115,11063,8178,8182
33.305844,11063,8178,8182
33.314707,11066,8175,8180
33.326314,11063,8175,8182
33.335317,11066,8175,8182
33.34385,11063,8175,8182
33.354902,11063,8175,8182
33.366224,11063,8175,8182
33.375236,11059,8175,8180
33.383755,11057,8175,8180
33.395297,11057,8175,8180
33.404289,11057,8175,8180
33.415907,11057,8178,8182
33.427011,11059,8178,8182
33.433686,11050,8178,8185
33.445568,11050,8178,8182
33.454474,11050,8178,8182
33.465627,11045,8178,8182
33.472132,11042,8178,8182
33.486464,11031,8178,8182
33.492928,11023,8178,8182
33.504497,11015,8178,8180
33.513462,11006,8178,8182
33.525091,11003,8175,8182
33.534064,10998,8175,8182
33.545487,10990,8175,8182
33.553948,10984,8175,8180
33.562982,10979,8175,8180
33.573881,10973,8175,8180
33.585479,10962,8175,8180
33.596863,10952,8175,8182
33.603279,10950,8175,8182
33.614704,10942,8175,8180
33.623716,10939,8178,8180
33.635375,10933,8178,8180
33.644402,10933,8178,8182
33.653324,10933,8178,8182
33.664691,10931,8178,8182
33.676351,10931,8175,8182
33.682757,10931,8178,8182
33.694401,10931,8178,8182
33.703416,10928,8178,8182
33.714084,10925,8178,8180
33.725009,10925,8178,8180
33.733442,10923,8178,8180
33.742438,10923,8175,8180
33.756175,10920,8178,8182
33.76414,10917,8178,8180
33.774804,10914,8175,8180
33.782874,10914,8178,8180
33.793623,10909,8175,8180
33.804764,10906,8178,8182
33.813761,10904,8178,8182
33.825396,10904,8178,8185
33.833639,10904,8178,8180
33.844843,10906,8178,8180
33.853884,10906,8178,8182
33.864724,10909,8178,8180
33.872947,10909,8178,8182
33.884518,10904,8175,8182
33.895743,10909,8178,8182
33.902168,10909,8178,8180
33.913896,10912,8178,8185
33.924964,10912,8178,8182
33.934899,10912,8178,8180
33.941379,10914,8175,8180
33.955172,10914,8178,8185
33.963846,10917,8178,8182
33.975021,10920,8178,8180
33.983946,10920,8175,8180
33.992938,10925,8178,8182
34.00408,10925,8178,8180
34.013203,10925,8178,8180
34.022312,10928,8178,8182
34.033895,10925,8178,8180
34.045347,10928,8178,8182
34.054412,10925,8178,8182
34.06606,10923,8178,8182
34.072465,10923,8178,8182
34.083788,10928,8178,8182
34.092864,10928,8175,8182
34.104001,10925,8178,8180
34.114659,10923,8178,8180
34.123657,10925,8178,8182
34.13524,10920,8178,8182
34.143206,10920,8178,8182
34.151778,10923,8175,8180
34.163007,10920,8175,8180
34.172037,10917,8175,8180
34.183432,10912,8175,8180
34.195069,10912,8175,8182
34.20385,10909,8175,8182
34.212313,10914,8175,8182
34.223876,10920,8173,8185
34.232807,10925,8173,8185
34.244535,10931,8175,8182
34.252757,10933,8178,8187
34.263896,10931,8178,8185
34.275463,10931,8178,8185
34.281056,10931,8178,8185
34.292564,10931,8178,8185
34.303735,10933,8175,8182
34.31227,10928,8178,8182
34.323811,10923,8178,8182
34.334896,10914,8178,8182
34.343985,10912,8178,8182
34.355428,10909,8178,8180
34.364427,10906,8175,8180
34.373527,10904,8175,8180
34.382501,10901,8175,8182
34.39413,10898,8173,8180
34.402488,10898,8175,8182
34.411559,10901,8175,8180
34.42504,10898,8175,8185
34.435124,10889,8175,8185
34.445474,10881,8175,8185
34.452239,10876,8175,8182
34.463993,10870,8175,8182
34.472295,10864,8175,8185
34.483975,10856,8175,8185
34.493102,10853,8175,8182
34.501934,10841,8175,8182
34.513658,10838,8175,8182
34.524769,10833,8175,8182
34.533414,10830,8175,8180
34.544701,10822,8175,8180
34.553761,10819,8175,8180
34.564719,10817,8175,8180
34.57375,10809,8175,8180
34.582577,10806,8173,8182
34.591606,10803,8175,8182
34.603227,10800,8175,8182
34.612116,10795,8175,8180
34.623771,10792,8175,8180
34.632729,10784,8175,8182
34.644041,10781,8175,8182
34.65231,10776,8175,8182
34.661356,10771,8173,8182
34.673015,10766,8178,8185
34.682074,10763,8178,8182
34.693416,10761,8178,8182
34.702488,10758,8178,8182
34.71385,10755,8178,8182
34.722846,10752,8178,8182
34.734089,10747,8178,8182
34.74221,10742,8178,8180
34.750921,10731,8178,8180
34.762128,10725,8178,8182
34.771165,10722,8178,8180
34.78498,10714,8173,8177
34.791382,10708,8175,8180
34.803007,10708,8175,8177
34.811645,10703,8175,8177
34.823321,10700,8173,8177
34.83235,10697,8175,8177
34.844046,10692,8175,8180
34.85307,10692,8175,8180
34.864407,10692,8175,8180
34.873405,10686,8173,8180
34.882494,10680,8178,8182
34.891575,10680,8178,8182
34.902354,10680,8178,8182
34.91091,10680,8178,8182
34.922741,10677,8178,8185
34.930971,10675,8178,8180
34.942223,10675,8178,8180
34.953516,10677,8178,8180
34.960225,10675,8178,8180
34.971488,10675,8178,8180
34.982863,10672,8178,8180
34.994082,10675,8175,8180
35.00312,10675,8175,8182
35.011422,10675,8175,8180
35.023202,10672,8175,8180
35.03137,10668,8175,8182
35.042946,10672,8175,8180
35.051958,10668,8175,8180
35.060527,10672,8175,8182
35.071646,10672,8175,8180
35.083237,10668,8175,8180
35.09223,10668,8178,8180
35.103283,10668,8178,8180
35.113908,10665,8178,8180
35.12437,10665,8178,8182
35.130705,10672,8178,8180
35.14233,10665,8178,8182
35.151374,10672,8178,8180
35.162973,10665,8178,8180
35.171816,10663,8178,8182
35.183549,10663,8178,8180
35.191548,10657,8178,8182
35.203173,10657,8178,8180
35.213807,10657,8178,8180
35.219845,10655,8178,8180
35.231231,10652,8178,8182
35.242891,10649,8178,8185
35.253984,10655,8178,8185
35.260389,10655,8178,8187
35.271489,10657,8175,8182
35.282634,10663,8178,8185
35.291608,10663,8178,8182
35.303212,10657,8178,8185
35.311701,10657,8178,8185
35.322732,10657,8178,8185
35.331394,10655,8178,8182
35.342997,10657,8178,8182
35.351961,10663,8178,8182
35.360555,10672,8178,8180
35.372165,10686,8178,8182
35.381165,10695,8178,8182
35.392759,10705,8178,8182
35.401262,10719,8178,8185
35.412378,10733,8178,8182
35.423944,10747,8178,8182
35.430205,10755,8178,8185
35.442476,10758,8178,8180
35.451044,10763,8178,8182
35.462368,10771,8178,8185
35.47136,10769,8178,8182
35.48298,10771,8178,8182
35.492026,10769,8178,8182
35.503122,10771,8178,8177
35.514075,10776,8178,8185
35.520543,10776,8178,8182
35.528985,10776,8178,8182
35.540538,10776,8178,8182
35.551591,10779,8178,8182
35.560568,10779,8178,8180
35.572171,10781,8178,8182
35.583341,10784,8178,8180
35.592346,10781,8178,8182
35.600616,10779,8178,8185
35.609642,10781,8175,8180
35.62343,10781,8175,8180
35.632449,10781,8175,8180
35.643741,10779,8175,8180
35.650203,10776,8173,8182
35.661851,10766,8175,8182
35.670813,10766,8175,8182
35.682427,10755,8175,8182
35.691461,10752,8175,8180
35.702595,10744,8175,8180
35.711604,10736,8175,8182
35.722879,10728,8178,8180
35.729072,10714,8178,8180
35.743076,10703,8178,8182
35.751824,10689,8178,8185
35.763468,10672,8178,8185
35.76988,10660,8178,8185
35.781438,10647,8178,8182
35.790426,10630,8175,8182
35.802104,10622,8178,8180
35.811093,10617,8178,8182
35.822751,10609,8178,8185
35.831414,10606,8178,8185
35.843025,10594,8178,8182
35.850622,10585,8178,8180
35.859668,10577,8178,8182
35.871348,10569,8178,8180
35.880386,10563,8178,8177
35.892016,10555,8178,8182
35.902618,10547,8178,8180
35.911644,10538,8178,8180
35.922996,10527,8178,8180
35.931594,10516,8178,8180
35.94032,10508,8178,8180
35.94902,10494,8178,8180
35.960311,10474,8178,8177
35.969345,10460,8178,8182
35.981008,10444,8178,8182
35.992276,10425,8178,8182
35.998733,10399,8175,8177
36.012982,10371,8178,8177
36.022033,10343,8178,8180
36.031049,10322,8175,8177
36.039958,10290,8175,8180
36.051319,10260,8178,8177
36.06033,10229,8178,8185
36.071953,10212,8178,8180
36.080955,10196,8178,8180
36.092638,10174,8175,8180
36.101162,10154,8178,8182
36.112399,10135,8178,8182
36.118799,10115,8178,8180
36.132622,10090,8178,8180
36.139026,10068,8175,8180
36.150462,10031,8175,8177
36.159461,10004,8175,8177
36.171081,9965,8175,8177
36.179998,9921,8175,8177
36.191637,9876,8175,8177
36.200637,9831,8175,8174
36.212155,9751,8173,8174
36.22116,9687,8175,8177
36.232347,9620,8175,8177
36.238784,9559,8175,8177
36.249879,9487,8175,8180
36.258871,9404,8173,8180
36.272617,9318,8173,8180
36.28089,9230,8173,8180
36.289623,9149,8175,8180
36.300952,9050,8175,8180
36.309782,8938,8175,8180
36.321405,8813,8175,8180
36.329978,8699,8175,8180
36.341311,8558,8173,8180
36.350243,8447,8181,8180
36.36179,8347,8183,8180
36.367951,8273,8188,8180
36.381703,8206,8199,8180
36.390664,8150,8206,8180
36.401761,8106,8219,8180
36.407854,8066,8227,8180
36.418267,8047,8237,8180
36.431524,8026,8242,8182
36.43999,7995,8252,8180
36.450786,7967,8260,8182
36.459853,7995,8273,8174
36.468659,7972,8276,8174
36.481953,7953,8283,8169
36.490781,7937,8288,8174
36.499868,7948,8291,8174
36.50895,7937,8296,8174
36.520638,7937,8296,8180
36.531692,7926,8299,8180
36.539643,7940,8304,8177
36.548641,8003,8304,8180
36.56024,7948,8308,8177
36.571408,7929,8308,8169
36.577922,7934,8308,8182
36.591434,7937,8308,8177
36.600092,7956,8308,8182
36.611501,7915,8308,8177
36.620145,7932,8315,8177
36.628867,7964,8310,8172
36.640131,7953,8308,8180
36.649159,7956,8310,8180
36.660779,7953,8308,8172
36.667299,7986,8310,8174
36.68144,7970,8301,8182
36.69043,8037,8308,8182
36.701914,8045,8304,8177
36.708331,8061,8291,8177
36.719949,8061,8294,8180
36.72882,8097,8286,8180
36.740456,8069,8288,8177
36.749272,8026,8283,8174
36.760878,8069,8283,8180
36.768912,8028,8294,8180
36.7786,8026,8291,8177
36.78873,8023,8288,8180
36.799092,8034,8288,8174
36.807788,8026,8291,8174
36.821659,8064,8291,8177
36.830661,8066,8288,8185
36.839698,8074,8288,8177
36.847722,8069,8291,8169
36.858965,8097,8283,8172
36.870233,8083,8270,8172
36.878874,8120,8281,8174
36.890117,8109,8273,8182
36.901244,8103,8276,8172
36.910254,8085,8273,8177
36.919258,8083,8270,8174
36.928354,8101,8268,8182
36.93971,8080,8268,8177
36.949988,8092,8273,8180
36.960573,8092,8273,8177
36.968971,8092,8263,8182
36.980633,8112,8273,8177
36.989695,8103,8263,8180
37.000962,8128,8270,8185
37.00744,8117,8270,8177
37.018645,8097,8265,8177
37.027697,8085,8265,8180
37.038655,8088,8270,8185
37.049852,8088,8270,8177
37.058077,8077,8268,8177
37.069706,8085,8268,8180
37.081364,8088,8268,8180
37.090356,8064,8270,8182
37.099488,8074,8273,8177
37.110141,8037,8278,8182
37.118812,8037,8276,8182
37.129895,8018,8278,8187
37.138926,8018,8286,8177
37.147994,8018,8283,8180
37.159608,7998,8283,8180
37.17124,8007,8286,8180
37.177641,8018,8288,8180
37.189176,8015,8286,8177
37.198077,8007,8294,8172
37.209675,8015,8294,8174
37.21868,8007,8283,8177
37.230303,7991,8294,8177
37.23932,7998,8291,8180
37.250914,7995,8299,8174
37.259933,7991,8294,8180
37.268961,7975,8296,8169
37.277953,7980,8294,8174
37.289131,8015,8286,8177
37.297921,8015,8291,8180
37.30951,8018,8291,8174
37.320201,8000,8294,8177
37.328994,8018,8286,8177
37.340061,8045,8288,8177
37.348979,8069,8286,8174
37.357958,8072,8286,8180
37.36952,8066,8283,8177
37.37862,8117,8276,8180
37.390284,8101,8270,8177
37.396689,8150,8273,8174
37.408179,8174,8265,8177
37.419789,8185,8265,8177
37.431155,8233,8257,8180
37.437598,8283,8247,8180
37.449303,8350,8237,8180
37.45827,8436,8224,8182
37.469968,8549,8209,8185
37.476464,8667,8196,8185
37.487741,8811,8181,8187
37.499367,8938,8170,8190
37.508162,9060,8175,8192
37.519844,9211,8175,8208
37.528793,9334,8173,8200
37.539441,9454,8175,8210
37.548032,9574,8178,8208
37.559668,9674,8168,8210
37.568662,9751,8178,8210
37.580302,9834,8175,8216
37.586714,9901,8175,8208
37.600712,9954,8181,8210
37.607201,9999,8181,8210
37.618811,10041,8181,8213
37.627877,10087,8181,8210
37.638582,10109,8181,8213
37.647449,10135,8181,8216
37.65876,10157,8181,8213
37.669824,10180,8181,8213
37.678805,10196,8181,8213
37.68759,10224,8181,8208
37.69659,10285,8181,8203
37.708229,10357,8175,8192
37.716763,10425,8175,8190
37.728171,10476,8175,8185
37.736841,10505,8175,8182
37.748045,10524,8175,8182
37.75706,10538,8175,8182
37.770799,10552,8175,8185
37.77721,10561,8175,8182
37.788251,10577,8175,8182
37.79907,10588,8175,8182
37.807884,10611,8175,8182
37.819535,10625,8175,8182
37.828592,10649,8175,8182
37.839978,10665,8175,8182
37.848977,10686,8175,8185
37.857957,10697,8175,8182
37.866959,10708,8175,8182
37.878612,10722,8175,8180
37.88926,10736,8175,8182
37.898021,10747,8175,8185
37.90703,10758,8175,8185
37.91754,10771,8178,8182
37.928309,10781,8175,8185
37.939287,10792,8178,8182
37.948132,10803,8178,8187
37.957932,10814,8178,8182
37.966602,10828,8178,8187
37.977755,10838,8178,8187
37.986722,10856,8178,8185
37.998071,10873,8178,8185
38.009761,10886,8178,8185
38.01622,10896,8178,8185
38.030392,10909,8178,8185
38.036802,10920,8178,8185
38.048052,10925,8178,8185
38.057068,10933,8175,8185
38.068535,10947,8178,8185
38.077539,10965,8178,8187
38.089126,10965,8178,8185
38.097883,10979,8178,8182
38.109486,10990,8178,8185
38.11592,11000,8178,8182
38.127253,11015,8175,8185
38.13591,11028,8175,8185
38.147474,11045,8173,8187
38.156595,11063,8175,8187
38.168189,11077,8175,8185
38.179112,11093,8175,8185
38.187537,11106,8173,8185
38.199167,11120,8175,8182
38.20817,11128,8175,8182
38.216428,11137,8175,8182
38.227538,11140,8178,8182
38.23917,11146,8178,8182
38.247632,11154,8175,8182
38.258779,11160,8178,8182
38.269725,11168,8178,8185
38.276147,11171,8178,8182
38.287796,11173,8178,8182
38.29663,11173,8178,8182
38.308243,11171,8178,8185
38.316553,11168,8178,8185
38.325541,11171,8178,8185
38.339215,11168,8178,8185
38.348043,11168,8178,8185
38.359658,11165,8178,8185
38.366063,11165,8178,8182
38.375017,11165,8178,8187
38.388741,11168,8175,8185
38.397748,11168,8178,8185
38.409358,11168,8175,8182
38.415781,11173,8178,8182
38.426857,11173,8178,8182
38.43847,11173,8178,8185
38.449591,11173,8178,8182
38.457634,11173,8178,8180
38.467984,11171,8178,8182
38.476546,11168,8178,8182
38.487892,11168,8178,8182
38.496471,11165,8178,8182
38.507634,11165,8178,8180
38.516446,11165,8178,8182
38.527637,11165,8178,8185
38.539161,11168,8178,8185
38.545513,11165,8175,8185
38.556583,11162,8175,8185
38.568215,11165,8175,8187
38.579026,11160,8175,8187
38.585078,11160,8175,8185
38.596337,11157,8175,8185
38.607762,11152,8175,8182
38.616765,11146,8175,8180
38.628081,11149,8173,8185
38.637137,11142,8175,8182
38.64827,11140,8175,8182
38.657271,11134,8175,8182
38.668894,11128,8175,8182
38.675313,11128,8175,8182
38.688865,11125,8175,8180
38.695322,11120,8175,8185
38.706798,11117,8175,8180
38.715798,11114,8175,8182
38.727396,11112,8175,8180
38.736392,11106,8175,8180
38.748013,11104,8175,8180
38.757048,11101,8175,8180
38.768122,11101,8175,8182
38.777114,11101,8175,8182
38.788725,11106,8175,8182
38.795161,11106,8175,8182
38.806194,11109,8175,8182
38.817296,11114,8175,8182
38.826305,11120,8173,8185
38.837921,11125,8175,8180
38.846962,11132,8175,8182
38.858518,11134,8175,8182
38.867088,11140,8178,8182
38.878729,11146,8178,8180
38.885277,11146,8178,8182
38.896893,11142,8178,8182
38.907804,11142,8175,8182
38.91597,11149,8178,8182
38.92473,11149,8178,8185
38.938385,11149,8178,8185
38.947411,11142,8178,8185
38.959544,11137,8178,8185
38.965559,11128,8178,8185
38.976739,11125,8178,8185
38.987857,11109,8175,8185
38.99691,11104,8178,8182
39.008143,11095,8178,8182
39.014449,11087,8175,8185
39.025948,11079,8178,8182
39.034972,11074,8175,8182
39.048964,11068,8178,8180
39.055381,11063,8178,8180
39.06699,11059,8178,8185
39.075868,11054,8178,8185
39.087473,11050,8178,8182
39.09338,11047,8178,8180
39.105084,11045,8178,8182
39.116638,11042,8175,8182
39.125752,11039,8178,8185
39.136961,11042,8175,8185
39.1449,11042,8178,8185
39.158316,11050,8178,8187
39.167287,11050,8178,8185
39.1785,11057,8175,8185
39.184921,11059,8173,8182
39.19557,11063,8175,8182
39.206306,11068,8175,8185
39.215032,11068,8175,8185
39.222788,11071,8175,8185
39.236293,11071,8175,8182
39.247896,11066,8175,8185
39.257085,11063,8175,8185
39.266177,11054,8173,8185
39.275195,11047,8175,8185
39.286631,11045,8175,8185
39.295497,11039,8175,8185
39.306865,11034,8175,8185
39.315489,11031,8175,8185
39.326216,11026,8173,8185
39.336533,11023,8175,8182
39.345246,11018,8175,8182
39.355878,11015,8175,8182
39.364184,11015,8175,8182
39.375303,11006,8175,8182
39.386498,10998,8178,8182
39.394787,10995,8178,8180
39.405831,10992,8178,8182
39.416586,10984,8178,8182
39.425096,10981,8178,8182
39.436494,10976,8175,8180
39.444301,10973,8178,8180
39.456427,10971,8178,8180
39.465002,10962,8178,8180
39.476145,10958,8178,8180
39.484459,10952,8178,8182
39.492703,10952,8178,8182
39.503697,10944,8178,8182
39.516519,10939,8178,8182
39.527213,10936,8178,8182
39.535569,10931,8178,8180
39.546311,10928,8178,8180
39.554685,10925,8178,8182
39.565007,10920,8178,8182
39.575597,10917,8178,8182
39.584359,10914,8178,8180
39.595691,10909,8178,8185
39.604072,10904,8175,8180
39.614078,10898,8178,8182
39.62539,10896,8175,8180
39.63634,10896,8178,8180
39.647372,10884,8178,8185
39.653779,10881,8178,8182
39.667383,10878,8175,8182
39.676389,10873,8178,8180
39.68746,10870,8178,8185
39.695482,10861,8178,8182
39.706554,10850,8178,8180
39.714746,10844,8175,8182
39.726335,10833,8175,8182
39.734986,10825,8175,8182
39.743035,10814,8178,8182
39.75617,10806,8178,8180
39.76716,10800,8178,8182
39.775177,10792,8178,8182
39.785844,10784,8178,8182
39.794708,10781,8178,8185
39.806076,10779,8175,8182
39.816749,10771,8175,8185
39.825803,10769,8175,8182
39.837069,10766,8175,8182
39.845656,10763,8175,8185
39.856591,10752,8175,8185
39.86242,10755,8175,8182
39.875063,10750,8175,8182
39.886565,10744,8173,8182
39.894866,10744,8175,8185
39.903631,10742,8178,8182
39.914295,10739,8178,8182
39.925524,10739,8178,8182
39.935926,10733,8178,8182
39.947315,10733,8178,8174
39.953728,10731,8178,8177
39.965818,10722,8178,8180
39.97497,10719,8178,8180
39.98383,10716,8178,8180
39.995497,10711,8178,8180
40.004591,10700,8178,8182
40.016058,10692,8178,8182
40.024669,10689,8178,8185
40.036355,10684,8178,8180
40.042796,10675,8178,8182
40.054725,10672,8178,8180
40.066368,10663,8178,8182
40.074989,10663,8178,8180
40.083314,10655,8175,8180
40.093573,10652,8178,8180
40.104027,10647,8178,8182
40.114973,10647,8175,8180
40.123664,10633,8175,8180
40.134178,10628,8175,8180
40.145663,10622,8175,8180
40.154324,10614,8175,8180
40.165974,10611,8175,8180
40.174976,10606,8175,8185
40.186574,10606,8175,8182
40.195658,10603,8175,8180
40.204661,10600,8175,8185
40.213726,10600,8178,8180
40.225254,10597,8178,8180
40.233999,10603,8178,8177
40.245604,10603,8178,8180
40.254499,10603,8178,8182
40.266161,10609,8178,8185
40.275181,10609,8175,8182
40.286779,10611,8178,8185
40.293182,10628,8178,8185
40.304776,10633,8178,8182
40.313799,10644,8178,8185
40.325367,10652,8175,8182
40.336188,10660,8175,8185
40.344937,10665,8175,8185
40.355731,10677,8173,8182
40.364705,10689,8175,8182
40.373698,10700,8175,8182
40.385275,10705,8173,8180
40.396355,10716,8175,8182
40.405361,10722,8175,8182
40.414387,10731,8175,8180
40.42294,10736,8175,8182
40.433659,10744,8175,8182
40.445278,10747,8175,8180
40.453941,10744,8175,8187
40.462788,10750,8173,8185
40.473712,10750,8175,8182
40.485041,10747,8175,8182
40.494128,10755,8175,8185
40.505559,10758,8175,8185
40.514639,10755,8175,8182
40.52641,10752,8175,8185
40.532881,10752,8178,8182
40.544753,10744,8178,8185
40.553443,10742,8175,8180
40.56459,10736,8178,8180
40.573596,10733,8178,8182
40.584959,10733,8175,8182
40.594044,10731,8178,8182
40.605306,10725,8178,8182
40.613545,10725,8178,8180
40.625129,10722,8178,8180
40.63352,10719,8178,8180
40.642674,10716,8175,8180
40.653547,10716,8178,8182
40.664966,10714,8178,8180
40.673573,10714,8178,8180
40.682561,10708,8178,8182
40.693733,10705,8175,8185
40.702799,10703,8178,8182
40.714434,10703,8178,8182
40.722733,10703,8178,8182
40.733314,10703,8178,8180
40.744969,10700,8178,8182
40.753656,10695,8178,8180
40.762315,10695,8178,8180
40.773597,10700,8178,8180
40.782645,10695,8178,8180
40.79367,10697,8178,8182
40.804289,10695,8178,8182
40.813069,10697,8178,8182
40.824708,10695,8178,8182
40.833541,10692,8178,8180
40.844979,10686,8175,8180
40.853306,10680,8175,8182
40.864598,10677,8173,8180
40.873462,10672,8175,8182
40.885153,10665,8175,8180
40.894291,10663,8175,8180
40.905687,10660,8173,8182
40.914704,10657,8175,8177
40.925678,10652,8175,8180
40.931268,10647,8175,8180
40.942868,10636,8175,8182
40.954519,10628,8178,8180
40.96563,10622,8178,8185
40.972144,10622,8178,8182
40.985524,10617,8178,8182
40.991944,10617,8178,8182
41.005502,10614,8178,8182
41.011985,10611,8178,8182
41.02366,10614,8178,8185
41.034348,10611,8178,8182
41.043169,10611,8178,8180
41.054852,10609,8178,8182
41.063892,10611,8178,8182
41.07535,10609,8178,8180
41.084029,10609,8178,8180
41.097571,10609,8178,8182
41.101109,10611,8178,8182
41.112091,10611,8178,8180
41.123269,10614,8178,8180
41.132262,10614,8178,8182
41.143823,10614,8178,8180
41.152177,10614,8178,8180
41.163588,10617,8175,8182
41.172612,10619,8175,8185
41.183531,10614,8175,8182
41.194404,10619,8175,8185
41.203439,10619,8175,8180
41.215042,10619,8175,8180
41.224064,10617,8175,8180
41.233078,10619,8175,8180
41.242055,10619,8175,8182
41.253669,10625,8175,8185
41.262606,10625,8178,8180
41.274202,10619,8175,8187
41.280687,10619,8178,8182
41.292304,10622,8178,8182
41.303221,10619,8178,8182
41.312158,10617,8178,8185
41.323661,10619,8178,8182
41.332585,10622,8175,8182
41.344236,10628,8178,8182
41.353249,10628,8175,8182
41.364744,10625,8178,8185
41.373752,10619,8178,8182
41.382457,10619,8178,8180
41.394129,10614,8178,8182
41.400334,10611,8178,8182
41.412039,10606,8178,8182
41.423744,10603,8178,8180
41.4354,10591,8178,8182
41.441957,10591,8178,8180
41.452985,10588,8178,8182
41.462101,10582,8178,8182
41.470381,10582,8178,8182
41.481935,10582,8178,8180
41.492553,10574,8178,8180
41.503782,10571,8178,8180
41.512352,10566,8178,8180
41.520942,10561,8178,8182
41.532376,10555,8178,8180
41.54149,10547,8178,8182
41.552516,10538,8178,8180
41.56417,10532,8178,8182
41.573303,10527,8178,8180
41.582354,10516,8175,8180
41.594048,10508,8175,8180
41.603104,10496,8175,8177
41.612018,10487,8175,8180
41.621085,10479,8175,8180
41.632358,10476,8175,8180
41.644013,10471,8175,8180
41.652959,10460,8175,8182
41.662025,10455,8175,8177
41.673719,10441,8175,8180
41.682792,10433,8178,8180
41.691618,10428,8178,8180
41.700692,10422,8175,8180
41.712299,10408,8178,8180
41.723697,10399,8175,8180
41.73492,10388,8178,8182
41.741374,10385,8178,8180
41.752788,10371,8178,8180
41.761073,10366,8178,8180
41.772155,10360,8178,8182
41.783556,10351,8178,8180
41.79256,10341,8178,8180
41.803817,10333,8178,8182
41.814743,10322,8178,8177
41.821234,10314,8178,8182
41.832838,10298,8178,8180
41.841836,10290,8178,8180
41.853245,10279,8178,8180
41.862123,10268,8178,8180
41.873678,10255,8178,8182
41.880937,10241,8178,8180
41.891635,10221,8175,8180
41.903223,10204,8178,8180
41.91223,10190,8178,8180
41.920759,10174,8178,8182
41.931953,10157,8175,8182
41.943597,10135,8175,8182
41.949713,10123,8178,8185
41.96381,10104,8178,8182
41.971724,10087,8178,8182
41.982336,10068,8178,8180
41.99133,10049,8178,8182
42.003101,10026,8181,8182
42.011353,10004,8181,8182
42.023072,9982,8181,8180
42.034445,9957,8181,8180
42.040976,9934,8181,8180
42.052674,9906,8181,8180
42.061767,9876,8181,8180
42.073466,9839,8181,8177
42.079963,9804,8181,8177
42.091651,9690,8181,8180
42.100716,9612,8178,8180
42.112391,9507,8178,8180
42.123426,9363,8178,8180
42.132481,9200,8178,8180
42.14392,9027,8178,8180
42.153003,8850,8178,8180
42.162073,8694,8178,8180
42.170448,8538,8178,8180
42.182072,8433,8181,8180
42.19057,8342,8183,8180
42.201199,8273,8191,8180
42.210233,8230,8193,8180
42.22373,8198,8204,8180
42.232805,8177,8212,8182
42.243948,8144,8217,8180
42.250495,8131,8222,8180
42.262171,8106,8227,8180
42.271226,8088,8232,8180
42.28291,8072,8237,8182
42.291931,8077,8242,8182
42.303335,8050,8247,8177
42.312213,8045,8260,8177
42.323848,8061,8263,8182
42.330305,8055,8265,8180
42.341986,8031,8268,8174
42.350399,8047,8273,8180
42.361067,8015,8276,8177
42.372361,8018,8281,8177
42.381109,8028,8283,8172
42.392227,8023,8278,8185
42.403484,8020,8278,8182
42.412165,8026,8288,8172
42.421237,8028,8283,8180
42.43254,8023,8283,8180
42.441579,8034,8283,8182
42.452963,8018,8286,8177
42.462046,8031,8286,8180
42.473215,8034,8288,8177
42.482734,8058,8281,8177
42.488731,8053,8283,8180
42.5002,8069,8281,8177
42.511954,8074,8281,8174
42.520572,8080,8286,8177
42.532225,8037,8286,8174
42.543677,8058,8281,8174
42.549654,8069,8278,8180
42.560813,8077,8281,8174
42.572498,8047,8278,8182
42.581485,8064,8281,8177
42.590475,8050,8281,8182
42.602124,8061,8278,8180
42.613167,8045,8281,8180
42.619575,8026,8278,8187
42.63082,8026,8281,8185
42.63986,8037,8281,8180
42.653094,8050,8286,8180
42.662089,8037,8283,8177
42.670949,8047,8283,8187
42.679942,8037,8286,8182
42.691573,8023,8281,8180
42.700592,8003,8286,8177
42.712177,8015,8286,8174
42.721175,8028,8286,8180
42.732757,8020,8294,8174
42.741304,8037,8286,8182
42.752938,8015,8291,8187
42.759332,8018,8288,8180
42.770606,8012,8288,8182
42.780595,8053,8288,8177
42.791142,8020,8286,8177
42.802006,8047,8288,8180
42.811,8015,8288,8180
42.822707,8072,8286,8185
42.831358,8037,8283,8182
42.840432,8031,8291,8180
42.849462,8053,8288,8180
42.861096,8003,8291,8180
42.870158,8020,8288,8172
42.881391,8042,8281,8187
42.890387,8020,8286,8177
42.902035,8045,8286,8172
42.910719,8034,8286,8185
42.921813,8034,8294,8182
42.928248,8020,8288,8182
42.93911,8020,8288,8187
42.952708,8034,8288,8180
42.958851,8018,8288,8180
42.971363,7995,8291,8177
42.980018,8000,8291,8180
42.991365,8012,8294,8180
43.002884,8000,8286,8174
43.009398,8020,8294,8182
43.021082,8012,8286,8182
43.03019,8028,8288,8182
43.041857,8026,8288,8182
43.052614,8028,8294,8172
43.059084,8050,8286,8174
43.070763,8058,8281,8177
43.079826,8039,8288,8180
43.091494,8042,8286,8180
43.099586,8058,8286,8182
43.108655,8103,8281,8180
43.122373,8053,8283,8180
43.131428,8039,8278,8180
43.142757,8058,8281,8180
43.149206,8077,8278,8180
43.160865,8085,8278,8182
43.169941,8080,8273,8177
43.181635,8066,8268,8182
43.190696,8103,8268,8180
43.202127,8080,8270,8177
43.211182,8117,8273,8180
43.219377,8131,8265,8180
43.228439,8114,8268,8180
43.242037,8125,8268,8180
43.250233,8144,8268,8177
43.261884,8158,8263,8177
43.270478,8185,8260,8180
43.278806,8166,8260,8177
43.290389,8192,8257,8180
43.302214,8206,8255,8177
43.311261,8217,8252,8180
43.320416,8249,8250,8177
43.329102,8279,8245,8182
43.340703,8310,8237,8182
43.352138,8369,8230,8180
43.358656,8412,8214,8180
43.369484,8506,8206,8182
43.381159,8592,8196,8180
43.392385,8680,8183,8180
43.398895,8761,8175,8180
43.410553,8847,8170,8182
43.419197,8957,8175,8190
43.430854,9101,8175,8203
43.43676,9184,8181,8203
43.448371,9282,8175,8198
43.46193,9376,8178,8198
43.468485,9462,8175,8200
43.47974,9545,8175,8200
43.489558,9618,8178,8200
43.49913,9687,8178,8200
43.510094,9753,8178,8200
43.519155,9804,8178,8198
43.530388,9852,8178,8205
43.539513,9890,8175,8203
-1.4678,0,0,0
-1.4678,0,0,0
-1.4678,0,0,0
-1.4678,0,0,0
-1.4678,0,0,0
-1.4678,0,0,0
-1.4678,0,0,0
-1.4678,0,0,0
-1.4678,0,0,0
-1.4678,0,0,0
-1.4678,0,0,0
-1.4678,0,0,0
-1.4678,0,0,0
-1.4678,0,0,0
-1.4678,0,0,0
-1.4678,0,0,0
-1.4678,0,0,0
-1.4678,0,0,0
-1.4678,0,0,0
-1.4678,0,0,0
-1.4678,0,0,0
-1.4678,0,0,0
-1.4678,0,0,0
-1.4678,0,0,0
-1.4678,0,0,0
-1.4678,0,0,0
-1.4678,0,0,0
-1.4678,0,0,0
-1.4678,0,0,0
-1.4678,0,0,0
-1.4678,0,0,0
-1.4678,0,0,0
-1.4678,0,0,0
-1.4678,0,0,0
-1.4678,0,0,0
-1.4678,0,0,0
-1.4678,0,0,0
-1.4678,0,0,0
-1.4678,0,0,0
-1.4678,0,0,0
-1.4678,0,0,0
-1.4678,0,0,0
-1.4678,0,0,0
-1.4678,0,0,0
-1.4678,0,0,0
-1.4678,0,0,0
-1.4678,0,0,0
-1.4678,0,0,0
-1.4678,0,0,0
-1.4678,0,0,0
-1.4678,0,0,0
-1.4678,0,0,0
-1.4678,0,0,0
-1.4678,0,0,0
-1.4678,0,0,0
-1.4678,0,0,0
-1.4678,0,0,0
-1.4678,0,0,0
-1.4678,0,0,0
-1.4678,0,0,0
-1.4678,0,0,0
-1.4678,0,0,0
-1.4678,0,0,0
-1.4678,0,0,0
-1.4678,0,0,0
-1.4678,0,0,0
-1.4678,0,0,0
-1.4678,0,0,0
-1.4678,0,0,0
-1.4678,0,0,0
-1.4678,0,0,0
-1.4678,0,0,0
-1.4678,0,0,0
-1.4678,0,0,0
-1.4678,0,0,0
-1.4678,0,0,0
-1.4678,0,0,0
-1.4678,0,0,0
-1.4678,0,0,0
-1.4678,0,0,0
-1.4678,0,0,0
-1.4678,0,0,0
-1.4678,0,0,0
-1.4678,0,0,0
-1.4678,0,0,0
-1.4678,0,0,0
-1.4678,0,0,0
-1.4678,0,0,0
-1.4678,0,0,0
-1.4678,0,0,0
-1.4678,0,0,0
-1.4678,0,0,0
-1.4678,0,0,0
-1.4678,0,0,0
-1.4678,0,0,0
-1.4678,0,0,0
-1.4678,0,0,0
-1.4678,0,0,0
-1.4678,0,0,0
-1.4678,0,0,0
-1.4678,0,0,0
-1.4678,0,0,0
-1.4678,0,0,0
-1.4678,0,0,0
-1.4678,0,0,0
-1.4678,0,0,0
-1.4678,0,0,0
-1.4678,0,0,0
-1.4678,0,0,0
-1.4678,0,0,0
-1.4678,0,0,0
-1.4678,0,0,0
-1.4678,0,0,0
-1.4678,0,0,0
-1.4678,0,0,0
-1.4678,0,0,0
-1.4678,0,0,0
-1.4678,0,0,0
-1.4678,0,0,0
-1.4678,0,0,0
-1.4678,0,0,0
-1.4678,0,0,0
-1.4678,0,0,0
-1.4678,0,0,0
-1.4678,0,0,0
-1.4678,0,0,0
-1.4678,0,0,0
-1.4678,0,0,0
-1.4678,0,0,0
-1.4678,0,0,0
-1.4678,0,0,0
-1.4678,0,0,0
-1.4678,0,0,0
-1.4678,0,0,0
-1.4678,0,0,0
-1.4678,0,0,0
-1.4678,0,0,0
-1.4678,0,0,0
