Time [s],Pressure [cmH2O],Flow [L/s],V_tidal [L],Inspiratory Indicies,Weight [kg]
0,1.43755071245899,-0.242849512660806,0,1155,70
0.01,1.78084640498651,-0.242849512660806,-0.00242849512660806,2648,0
0.02,2.09195812633957,-0.344319672144806,-0.00536434105063612,0,0
0.03,2.41379783808412,-0.344319672144806,-0.00880753777208418,0,0
0.04,3.04674927118174,-0.216932836689902,-0.0116138003162577,0,0
0.05,3.28276505979441,-0.377343473451487,-0.0145851818669647,0,0
0.06,3.33640501175183,-0.422061828944791,-0.018582208378946,0,0
0.07,3.45441290605817,-0.449408775818573,-0.0229395614027629,0,0
0.08,3.79770859858569,-0.422061828944791,-0.0272969144265797,0,0
0.09,4.54866792598963,-0.344319672144806,-0.0311288219320277,0,0
0.1,4.97778754164903,0.111894124921677,-0.0322909496681433,0,0
0.11,5.33181122456804,0.111894124921677,-0.0311720084189266,0,0
0.12,5.62146696513813,-0.152406677359627,-0.0313745711811163,0,0
0.13,5.77165883061892,-0.152406677359627,-0.0328986379547126,0,0
0.14,5.98621863844862,0.111894124921677,-0.0331012007169023,0,0
0.15,6.19005045588684,-0.242849512660806,-0.033755977655598,0,0
0.16,6.39388227332505,-0.307772604848743,-0.0365090882431457,0,0
0.17,6.54407413880584,-0.242849512660806,-0.0392621988306935,0,0
0.18,6.78008992741851,-0.307772604848743,-0.0420153094182412,0,0
0.19,6.99464973524821,-0.242849512660806,-0.0447684200057889,0,0
0.2,7.16629758151197,-0.242849512660806,-0.047196915132397,0,0
0.21,7.28430547581831,-0.242849512660806,-0.0496254102590051,0,0
0.22,7.4344973412991,-0.187466864989695,-0.0517769921472576,0,0
0.23,7.498865283648,-0.242849512660806,-0.0539285740355101,0,0
0.24,7.61687317795434,-0.242849512660806,-0.0563570691621181,0,0
0.25,7.73488107226068,-0.242849512660806,-0.0587855642887262,0,0
0.26,7.87434494734998,-0.242849512660806,-0.0612140594153343,0,0
0.27,8.06744877439671,-0.152406677359627,-0.0631903403654364,0,0
0.28,8.17472867831156,-0.152406677359627,-0.0647144071390327,0,0
0.29,8.27128059183493,-0.152406677359627,-0.066238473912629,0,0
0.3,8.38928848614126,0.0245818027557917,-0.0668775982856482,0,0
0.31,8.53948035162205,-0.242849512660806,-0.0679689368351732,0,0
0.32,8.68967221710284,0.111894124921677,-0.0686237137738689,0,0
0.33,8.77549614023472,0.111894124921677,-0.0675047725246521,0,0
0.34,8.89350403454105,-0.216932836689902,-0.0680299660834932,0,0
0.35,9.04369590002184,0.111894124921677,-0.0685551596423344,0,0
0.36,9.17243178471966,-0.152406677359627,-0.0687577224045241,0,0
0.37,9.31189565980897,-0.152406677359627,-0.0702817891781204,0,0
0.38,9.40844757333233,-0.242849512660806,-0.0722580701282226,0,0
0.39,9.54791144842164,-0.152406677359627,-0.0742343510783247,0,0
0.4,9.66591934272797,0.19066293693981,-0.0740430697804238,0,0
0.41,9.7195592946854,-0.152406677359627,-0.0738517884825229,0,0
0.42,9.80538321781728,-0.152406677359627,-0.0753758552561192,0,0
0.43,9.97703106408104,0.111894124921677,-0.0755784180183089,0,0
0.44,10.0628549872129,0.111894124921677,-0.0744594767690922,0,0
0.45,10.1486789103448,0.111894124921677,-0.0733405355198754,0,0
0.46,10.2666868046511,-0.307772604848743,-0.0743199279195107,0,0
0.47,10.4168786701319,-0.344319672144806,-0.0775803893044785,0,0
0.48,10.5885265163957,-0.242849512660806,-0.0805162352285065,0,0
0.49,10.7601743626594,-0.242849512660806,-0.0829447303551146,0,0
0.5,10.9318222089232,-0.242849512660806,-0.0853732254817226,0,0
0.51,11.0391021128381,-0.242849512660806,-0.0878017206083307,0,0
0.52,11.1892939783188,-0.307772604848743,-0.0905548311958784,0,0
0.53,11.3609418245826,-0.287763698423059,-0.0935325127122374,0,0
0.54,11.4789497188889,-0.242849512660806,-0.0961855787676568,0,0
0.55,11.6613255555442,-0.242849512660806,-0.0986140738942648,0,0
0.56,11.811517421025,-0.287763698423059,-0.101267139949684,0,0
0.57,11.9617092865058,-0.152406677359627,-0.103467991828598,0,0
0.58,12.1119011519865,-0.242849512660806,-0.1054442727787,0,0
0.59,12.165541103944,-0.216932836689902,-0.107743184525453,0,0
0.6,12.2299090462929,-0.152406677359627,-0.109589882095701,0,0
0.61,12.2835489982503,-0.152406677359627,-0.111113948869297,0,0
0.62,12.4444688541226,-0.287763698423059,-0.113314800748211,0,0
0.63,12.5302927772545,-0.152406677359627,-0.115515652627124,0,0
0.64,12.6483006715608,-0.242849512660806,-0.117491933577226,0,0
0.65,12.6697566523438,-0.242849512660806,-0.119920428703834,0,0
0.66,12.8628604793905,-0.152406677359627,-0.121896709653936,0,0
0.67,12.9486844025224,-0.307772604848743,-0.124197606064978,0,0
0.68,13.0666922968287,-0.344319672144806,-0.127458067449946,0,0
0.69,13.1203322487861,-0.287763698423059,-0.130618484302785,0,0
0.7,13.2168841623095,-0.307772604848743,-0.133596165819144,0,0
0.71,13.249068133484,-0.287763698423059,-0.136573847335503,0,0
0.72,13.3027080854414,-0.287763698423059,-0.139451484319734,0,0
0.73,13.3670760277903,-0.242849512660806,-0.142104550375153,0,0
0.74,13.3027080854414,-0.287763698423059,-0.144757616430573,0,0
0.75,13.3670760277903,-0.287763698423059,-0.147635253414803,0,0
0.76,13.3670760277903,-0.307772604848743,-0.150612934931162,0,0
0.77,13.3885320085733,0.0245818027557917,-0.152028888941627,0,0
0.78,13.3885320085733,0.19066293693981,-0.150952665243149,0,0
0.79,13.3885320085733,-0.152406677359627,-0.150761383945248,0,0
0.8,13.4207159797477,-0.152406677359627,-0.152285450718844,0,0
0.81,13.4528999509222,-0.216932836689902,-0.154132148289092,0,0
0.82,13.4743559317051,-0.152406677359627,-0.15597884585934,0,0
0.83,13.4743559317051,-0.242849512660806,-0.157955126809442,0,0
0.84,13.5387238740541,0.111894124921677,-0.158609903748137,0,0
0.85,13.5709078452285,0.111894124921677,-0.157490962498921,0,0
0.86,13.5709078452285,-0.216932836689902,-0.158016156057762,0,0
0.87,13.5923638260115,-0.152406677359627,-0.159862853628009,0,0
0.88,13.6245477971859,-0.152406677359627,-0.161386920401606,0,0
0.89,13.6245477971859,-0.242849512660806,-0.163363201351708,0,0
0.9,13.6567317683604,-0.152406677359627,-0.16533948230181,0,0
0.91,13.6781877491434,-0.242849512660806,-0.167315763251912,0,0
0.92,13.7103717203178,0.0245818027557917,-0.168407101801437,0,0
0.93,13.7103717203178,-0.242849512660806,-0.169498440350962,0,0
0.94,13.6781877491434,-0.242849512660806,-0.17192693547757,0,0
0.95,13.6781877491434,-0.242849512660806,-0.174355430604178,0,0
0.96,13.7425556914923,-0.152406677359627,-0.176331711554281,0,0
0.97,13.7747396626667,-0.152406677359627,-0.177855778327877,0,0
0.98,13.7961956434497,-0.287763698423059,-0.18005663020679,0,0
0.99,13.7961956434497,-0.242849512660806,-0.18270969626221,0,0
1,13.7961956434497,-0.152406677359627,-0.184685977212312,0,0
1.01,13.8391076050156,-0.287763698423059,-0.186886829091225,0,0
1.02,13.8391076050156,0.0245818027557917,-0.188202738569561,0,0
1.03,13.8927475569731,-0.242849512660806,-0.189294077119086,0,0
1.04,13.9249315281475,-0.152406677359627,-0.191270358069189,0,0
1.05,13.9678434897135,-0.242849512660806,-0.193246639019291,0,0
1.06,14.0000274608879,-0.242849512660806,-0.195675134145899,0,0
1.07,14.0536674128453,-0.307772604848743,-0.198428244733447,0,0
1.08,14.1073073648028,-0.344319672144806,-0.201688706118414,0,0
1.09,14.1394913359772,0.111894124921677,-0.20285083385453,0,0
1.1,14.1394913359772,0.111894124921677,-0.201731892605313,0,0
1.11,14.1931312879346,-0.242849512660806,-0.202386669544009,0,0
1.12,14.311139182241,-0.152406677359627,-0.204362950494111,0,0
1.13,14.311139182241,-0.287763698423059,-0.206563802373024,0,0
1.14,14.4613310477218,-0.152406677359627,-0.208764654251938,0,0
1.15,14.4613310477218,-0.242849512660806,-0.21074093520204,0,0
1.16,14.4935150188962,-0.242849512660806,-0.213169430328648,0,0
1.17,14.5149709996792,-0.152406677359627,-0.21514571127875,0,0
1.18,14.5793389420281,-0.242849512660806,-0.217121992228852,0,0
1.19,14.5793389420281,-0.242849512660806,-0.21955048735546,0,0
1.2,14.6007949228111,-0.152406677359627,-0.221526768305563,0,0
1.21,14.6329788939855,-0.152406677359627,-0.223050835079159,0,0
1.22,14.6866188459429,-0.242849512660806,-0.225027116029261,0,0
1.23,14.7509867882919,-0.152406677359627,-0.227003396979363,0,0
1.24,14.8260827210323,-0.242849512660806,-0.228979677929465,0,0
1.25,14.8904506633812,-0.152406677359627,-0.230955958879568,0,0
1.26,14.976274586513,-0.152406677359627,-0.232480025653164,0,0
1.27,14.976274586513,-0.216932836689902,-0.234326723223411,0,0
1.28,15.0084585576875,0.111894124921677,-0.234851916782253,0,0
1.29,15.0299145384705,-0.242849512660806,-0.235506693720948,0,0
1.3,15.0942824808194,-0.242849512660806,-0.237935188847556,0,0
1.31,15.0942824808194,-0.242849512660806,-0.240363683974164,0,0
1.32,15.1479224327768,-0.307772604848743,-0.243116794561712,0,0
1.33,15.1801064039513,-0.242849512660806,-0.24586990514926,0,0
1.34,15.2122903751257,-0.307772604848743,-0.248623015736808,0,0
1.35,15.2337463559087,-0.307772604848743,-0.251700741785295,0,0
1.36,15.2981142982576,-0.307772604848743,-0.254778467833782,0,0
1.37,15.2981142982576,-0.242849512660806,-0.25753157842133,0,0
1.38,15.3195702790406,-0.152406677359627,-0.259507859371432,0,0
1.39,15.2981142982576,-0.307772604848743,-0.261808755782474,0,0
1.4,15.3195702790406,-0.152406677359627,-0.264109652193516,0,0
1.41,15.3195702790406,-0.242849512660806,-0.266085933143618,0,0
1.42,15.3839382213895,-0.152406677359627,-0.26806221409372,0,0
1.43,15.3839382213895,-0.242849512660806,-0.270038495043822,0,0
1.44,15.4053942021724,-0.242849512660806,-0.272466990170431,0,0
1.45,15.3839382213895,-0.152406677359627,-0.274443271120533,0,0
1.46,15.3839382213895,-0.242849512660806,-0.276419552070635,0,0
1.47,15.351754250215,-0.152406677359627,-0.278395833020737,0,0
1.48,15.3195702790406,-0.152406677359627,-0.279919899794333,0,0
1.49,15.351754250215,-0.152406677359627,-0.28144396656793,0,0
1.5,15.3195702790406,0.111894124921677,-0.281646529330119,0,0
1.51,15.2337463559087,-0.307772604848743,-0.282625921729755,0,0
1.52,15.2122903751257,-0.307772604848743,-0.285703647778242,0,0
1.53,15.2337463559087,-0.242849512660806,-0.28845675836579,0,0
1.54,15.2337463559087,-0.242849512660806,-0.290885253492398,0,0
1.55,15.2981142982576,-0.152406677359627,-0.2928615344425,0,0
1.56,15.2981142982576,-0.307772604848743,-0.295162430853542,0,0
1.57,15.2981142982576,-0.152406677359627,-0.297463327264584,0,0
1.58,15.2337463559087,-0.242849512660806,-0.299439608214686,0,0
1.59,15.2122903751257,-0.307772604848743,-0.302192718802234,0,0
1.6,15.1479224327768,-0.242849512660806,-0.304945829389781,0,0
1.61,15.1157384616023,0.111894124921677,-0.305600606328477,0,0
1.62,15.1157384616023,0.111894124921677,-0.30448166507926,0,0
1.63,15.0299145384705,0.111894124921677,-0.303362723830044,0,0
1.64,14.976274586513,0.111894124921677,-0.302243782580827,0,0
1.65,14.9119066441641,0.111894124921677,-0.30112484133161,0,0
1.66,14.8904506633812,0.111894124921677,-0.300005900082393,0,0
1.67,14.8904506633812,-0.242849512660806,-0.300660677021089,0,0
1.68,14.8260827210323,-0.242849512660806,-0.303089172147697,0,0
1.69,14.8260827210323,-0.152406677359627,-0.305065453097799,0,0
1.7,14.7831707594663,-0.152406677359627,-0.306589519871395,0,0
1.71,14.7509867882919,0.111894124921677,-0.306792082633585,0,0
1.72,14.6866188459429,-0.152406677359627,-0.306994645395775,0,0
1.73,14.66516286516,-0.242849512660806,-0.308970926345877,0,0
1.74,14.6329788939855,-0.152406677359627,-0.310947207295979,0,0
1.75,14.6007949228111,-0.152406677359627,-0.312471274069576,0,0
1.76,14.5471549708536,-0.242849512660806,-0.314447555019678,0,0
1.77,14.4935150188962,-0.307772604848743,-0.317200665607226,0,0
1.78,14.4935150188962,-0.242849512660806,-0.319953776194773,0,0
1.79,14.4291470765473,-0.242849512660806,-0.322382271321381,0,0
1.8,14.4291470765473,-0.242849512660806,-0.324810766447989,0,0
1.81,14.3755071245899,-0.242849512660806,-0.327239261574597,0,0
1.82,14.311139182241,-0.152406677359627,-0.3292155425247,0,0
1.83,14.289683201458,-0.152406677359627,-0.330739609298296,0,0
1.84,14.289683201458,0.111894124921677,-0.330942172060486,0,0
1.85,14.1931312879346,-0.152406677359627,-0.331144734822675,0,0
1.86,14.1931312879346,-0.152406677359627,-0.332668801596272,0,0
1.87,14.1394913359772,-0.242849512660806,-0.334645082546374,0,0
1.88,14.1394913359772,0.111894124921677,-0.335299859485069,0,0
1.89,14.1073073648028,-0.152406677359627,-0.335502422247259,0,0
1.9,14.1394913359772,0.111894124921677,-0.335704985009449,0,0
1.91,14.1073073648028,-0.152406677359627,-0.335907547771639,0,0
1.92,14.0858513840198,-0.152406677359627,-0.337431614545235,0,0
1.93,14.0858513840198,-0.216932836689902,-0.339278312115483,0,0
1.94,14.0858513840198,-0.152406677359627,-0.34112500968573,0,0
1.95,14.0214834416709,-0.152406677359627,-0.342649076459327,0,0
1.96,14.0000274608879,-0.152406677359627,-0.344173143232923,0,0
1.97,13.9249315281475,-0.152406677359627,-0.345697210006519,0,0
1.98,13.8712915761901,-0.152406677359627,-0.347221276780115,0,0
1.99,13.7961956434497,0.111894124921677,-0.347423839542305,0,0
2,13.7747396626667,-0.152406677359627,-0.347626402304495,0,0
2.01,13.7425556914923,-0.242849512660806,-0.349602683254597,0,0
2.02,13.7425556914923,-0.152406677359627,-0.351578964204699,0,0
2.03,13.7425556914923,0.111894124921677,-0.351781526966889,0,0
2.04,13.7425556914923,0.111894124921677,-0.350662585717672,0,0
2.05,13.6781877491434,-0.152406677359627,-0.350865148479862,0,0
2.06,13.7103717203178,0.111894124921677,-0.351067711242052,0,0
2.07,13.6567317683604,-0.242849512660806,-0.351722488180748,0,0
2.08,13.6781877491434,0.111894124921677,-0.352377265119443,0,0
2.09,13.6245477971859,-0.152406677359627,-0.352579827881633,0,0
2.1,13.6245477971859,0.111894124921677,-0.352782390643823,0,0
2.11,13.5923638260115,-0.152406677359627,-0.352984953406013,0,0
2.12,13.6245477971859,0.111894124921677,-0.353187516168202,0,0
2.13,13.6245477971859,-0.152406677359627,-0.353390078930392,0,0
2.14,13.5923638260115,-0.242849512660806,-0.355366359880494,0,0
2.15,13.6245477971859,-0.152406677359627,-0.357342640830596,0,0
2.16,13.5923638260115,-0.242849512660806,-0.359318921780699,0,0
2.17,13.5709078452285,-0.152406677359627,-0.361295202730801,0,0
2.18,13.5923638260115,0.111894124921677,-0.361497765492991,0,0
2.19,13.5709078452285,0.111894124921677,-0.360378824243774,0,0
2.2,13.5709078452285,-0.152406677359627,-0.360581387005964,0,0
2.21,13.5709078452285,-0.152406677359627,-0.36210545377956,0,0
2.22,13.5709078452285,-0.152406677359627,-0.363629520553156,0,0
2.23,13.5387238740541,-0.152406677359627,-0.365153587326752,0,0
2.24,13.5387238740541,-0.242849512660806,-0.367129868276855,0,0
2.25,13.5065399028796,-0.242849512660806,-0.369558363403463,0,0
2.26,13.5387238740541,-0.152406677359627,-0.371534644353565,0,0
2.27,13.5065399028796,-0.242849512660806,-0.373510925303667,0,0
2.28,13.4743559317051,-0.242849512660806,-0.375939420430275,0,0
2.29,13.4743559317051,-0.242849512660806,-0.378367915556883,0,0
2.3,13.4743559317051,-0.242849512660806,-0.380796410683491,0,0
2.31,13.5065399028796,-0.152406677359627,-0.382772691633593,0,0
2.32,13.5387238740541,-0.242849512660806,-0.384748972583695,0,0
2.33,13.5387238740541,-0.152406677359627,-0.386725253533797,0,0
2.34,13.5387238740541,-0.242849512660806,-0.3887015344839,0,0
2.35,13.5387238740541,0.111894124921677,-0.389356311422595,0,0
2.36,13.5387238740541,-0.152406677359627,-0.389558874184785,0,0
2.37,13.5387238740541,-0.152406677359627,-0.391082940958381,0,0
2.38,13.5387238740541,-0.152406677359627,-0.392607007731978,0,0
2.39,13.5387238740541,0.111894124921677,-0.392809570494167,0,0
2.4,13.5065399028796,-0.287763698423059,-0.393688918361674,0,0
2.41,13.5065399028796,-0.152406677359627,-0.395889770240588,0,0
2.42,13.5387238740541,-0.242849512660806,-0.39786605119069,0,0
2.43,13.5709078452285,-0.152406677359627,-0.399842332140792,0,0
2.44,13.5923638260115,-0.152406677359627,-0.401366398914388,0,0
2.45,13.6567317683604,-0.242849512660806,-0.403342679864491,0,0
2.46,13.6781877491434,-0.152406677359627,-0.405318960814593,0,0
2.47,13.6781877491434,-0.152406677359627,-0.406843027588189,0,0
2.48,13.6781877491434,-0.152406677359627,-0.408367094361785,0,0
2.49,13.6567317683604,-0.152406677359627,-0.409891161135382,0,0
2.5,13.6245477971859,-0.152406677359627,-0.411415227908978,0,0
2.51,13.5923638260115,-0.152406677359627,-0.412939294682574,0,0
2.52,13.5709078452285,0.111894124921677,-0.413141857444764,0,0
2.53,13.5065399028796,-0.242849512660806,-0.41379663438346,0,0
2.54,13.4743559317051,-0.152406677359627,-0.415772915333562,0,0
2.55,13.4207159797477,-0.242849512660806,-0.417749196283664,0,0
2.56,13.3885320085733,0.111894124921677,-0.41840397322236,0,0
2.57,13.3670760277903,-0.152406677359627,-0.418606535984549,0,0
2.58,13.3670760277903,-0.152406677359627,-0.420130602758146,0,0
2.59,13.3885320085733,0.111894124921677,-0.420333165520335,0,0
2.6,13.4207159797477,-0.152406677359627,-0.420535728282525,0,0
2.61,13.3670760277903,0.111894124921677,-0.420738291044715,0,0
2.62,13.3670760277903,0.111894124921677,-0.419619349795498,0,0
2.63,13.3348920566158,-0.242849512660806,-0.420274126734194,0,0
2.64,13.3027080854414,-0.152406677359627,-0.422250407684296,0,0
2.65,13.3027080854414,-0.152406677359627,-0.423774474457892,0,0
2.66,13.3670760277903,-0.242849512660806,-0.425750755407994,0,0
2.67,13.3670760277903,-0.242849512660806,-0.428179250534602,0,0
2.68,13.3670760277903,-0.242849512660806,-0.430607745661211,0,0
2.69,13.3348920566158,-0.242849512660806,-0.433036240787819,0,0
2.7,13.3348920566158,-0.307772604848743,-0.435789351375366,0,0
2.71,13.3027080854414,-0.242849512660806,-0.438542461962914,0,0
2.72,13.3027080854414,-0.242849512660806,-0.440970957089522,0,0
2.73,13.3027080854414,-0.307772604848743,-0.44372406767707,0,0
2.74,13.2812521046584,-0.242849512660806,-0.446477178264618,0,0
2.75,13.2812521046584,-0.242849512660806,-0.448905673391226,0,0
2.76,13.249068133484,-0.307772604848743,-0.451658783978773,0,0
2.77,13.1739722007436,-0.152406677359627,-0.453959680389815,0,0
2.78,13.1525162199606,0.19066293693981,-0.453768399091914,0,0
2.79,13.1525162199606,-0.152406677359627,-0.453577117794013,0,0
2.8,13.1525162199606,-0.242849512660806,-0.455553398744115,0,0
2.81,13.1203322487861,-0.152406677359627,-0.457529679694218,0,0
2.82,13.1203322487861,-0.242849512660806,-0.45950596064432,0,0
2.83,13.1203322487861,-0.152406677359627,-0.461482241594422,0,0
2.84,13.0881482776117,0.111894124921677,-0.461684804356612,0,0
2.85,13.0666922968287,-0.152406677359627,-0.461887367118802,0,0
2.86,13.0345083256543,0.111894124921677,-0.462089929880991,0,0
2.87,13.0345083256543,-0.242849512660806,-0.462744706819687,0,0
2.88,13.0345083256543,-0.307772604848743,-0.465497817407235,0,0
2.89,13.0666922968287,-0.152406677359627,-0.467798713818277,0,0
2.9,13.0345083256543,-0.242849512660806,-0.469774994768379,0,0
2.91,13.0345083256543,-0.307772604848743,-0.472528105355926,0,0
2.92,13.0345083256543,-0.307772604848743,-0.475605831404414,0,0
2.93,13.0666922968287,-0.152406677359627,-0.477906727815456,0,0
2.94,13.0881482776117,-0.242849512660806,-0.479883008765558,0,0
2.95,13.0345083256543,-0.344319672144806,-0.482818854689586,0,0
2.96,13.0666922968287,-0.242849512660806,-0.485754700613614,0,0
2.97,13.0666922968287,-0.152406677359627,-0.487730981563716,0,0
2.98,13.0881482776117,-0.152406677359627,-0.489255048337312,0,0
2.99,13.0666922968287,0.0245818027557917,-0.489894172710332,0,0
3,13.0881482776117,-0.152406677359627,-0.490533297083351,0,0
3.01,13.0881482776117,-0.152406677359627,-0.492057363856947,0,0
3.02,13.0666922968287,-0.152406677359627,-0.493581430630543,0,0
3.03,13.0666922968287,-0.152406677359627,-0.49510549740414,0,0
3.04,13.0666922968287,-0.152406677359627,-0.496629564177736,0,0
3.05,13.0345083256543,-0.242849512660806,-0.498605845127838,0,0
3.06,13.0345083256543,-0.242849512660806,-0.501034340254446,0,0
3.07,13.0023243544798,-0.152406677359627,-0.503010621204548,0,0
3.08,13.0345083256543,-0.152406677359627,-0.504534687978145,0,0
3.09,13.0023243544798,-0.152406677359627,-0.506058754751741,0,0
3.1,13.0023243544798,-0.152406677359627,-0.507582821525337,0,0
3.11,13.0023243544798,-0.152406677359627,-0.509106888298933,0,0
3.12,12.9486844025224,0.111894124921677,-0.509309451061123,0,0
3.13,12.9701403833053,-0.242849512660806,-0.509964227999819,0,0
3.14,12.9165004313479,-0.242849512660806,-0.512392723126427,0,0
3.15,12.9165004313479,0.111894124921677,-0.513047500065123,0,0
3.16,12.9165004313479,0.111894124921677,-0.511928558815906,0,0
3.17,12.8843164601735,-0.287763698423059,-0.512807906683413,0,0
3.18,12.9165004313479,-0.242849512660806,-0.515460972738832,0,0
3.19,12.8843164601735,-0.152406677359627,-0.517437253688934,0,0
3.2,12.9165004313479,0.111894124921677,-0.517639816451124,0,0
3.21,12.8843164601735,-0.152406677359627,-0.517842379213314,0,0
3.22,12.8843164601735,0.111894124921677,-0.518044941975504,0,0
3.23,12.8843164601735,-0.242849512660806,-0.518699718914199,0,0
3.24,12.8843164601735,0.111894124921677,-0.519354495852895,0,0
3.25,12.8199485178246,0.111894124921677,-0.518235554603678,0,0
3.26,12.8199485178246,0.111894124921677,-0.517116613354461,0,0
3.27,12.7877645466501,0.111894124921677,-0.515997672105245,0,0
3.28,12.7877645466501,0.0245818027557917,-0.515315292466857,0,0
3.29,12.7877645466501,0.0245818027557917,-0.515069474439299,0,0
3.3,12.7555805754756,0.111894124921677,-0.514387094800912,0,0
3.31,12.7877645466501,-0.152406677359627,-0.514589657563102,0,0
3.32,12.7555805754756,-0.152406677359627,-0.516113724336698,0,0
3.33,12.7877645466501,0.19066293693981,-0.515922443038797,0,0
3.34,12.7877645466501,0.0245818027557917,-0.514846219340319,0,0
3.35,12.7877645466501,0.0245818027557917,-0.514600401312761,0,0
3.36,12.7555805754756,0.0245818027557917,-0.514354583285203,0,0
3.37,12.7555805754756,-0.152406677359627,-0.514993707658222,0,0
3.38,12.7555805754756,-0.152406677359627,-0.516517774431819,0,0
3.39,12.7555805754756,0.111894124921677,-0.516720337194008,0,0
3.4,12.7555805754756,0.19066293693981,-0.515207551884701,0,0
3.41,12.7877645466501,0.0245818027557917,-0.514131328186223,0,0
3.42,12.9165004313479,0.19066293693981,-0.513055104487745,0,0
3.43,13.0023243544798,0.111894124921677,-0.511542319178437,0,0
3.44,13.0345083256543,0.111894124921677,-0.510423377929221,0,0
3.45,13.0666922968287,0.19066293693981,-0.508910592619913,0,0
3.46,13.0881482776117,0.19066293693981,-0.507003963250515,0,0
3.47,13.0881482776117,0.0245818027557917,-0.505927739552037,0,0
3.48,13.0666922968287,0.19066293693981,-0.504851515853559,0,0
3.49,13.0666922968287,-0.152406677359627,-0.504660234555658,0,0
3.5,13.0666922968287,-0.152406677359627,-0.506184301329254,0,0
3.51,13.0345083256543,-0.242849512660806,-0.508160582279357,0,0
3.52,13.0666922968287,-0.152406677359627,-0.510136863229459,0,0
3.53,13.0345083256543,-0.242849512660806,-0.512113144179561,0,0
3.54,13.0666922968287,-0.242849512660806,-0.514541639306169,0,0
3.55,13.0881482776117,-0.242849512660806,-0.516970134432777,0,0
3.56,13.0881482776117,0.111894124921677,-0.517624911371473,0,0
3.57,13.1203322487861,-0.287763698423059,-0.518504259238979,0,0
3.58,13.1739722007436,-0.152406677359627,-0.520705111117893,0,0
3.59,13.1739722007436,0.0245818027557917,-0.521344235490912,0,0
3.6,13.1739722007436,0.19066293693981,-0.520268011792434,0,0
3.61,13.2168841623095,0.0245818027557917,-0.519191788093956,0,0
3.62,13.1525162199606,-0.152406677359627,-0.519830912466975,0,0
3.63,13.1525162199606,-0.152406677359627,-0.521354979240571,0,0
3.64,13.1203322487861,0.19066293693981,-0.52116369794267,0,0
3.65,13.1203322487861,0.111894124921677,-0.519650912633363,0,0
3.66,13.0881482776117,0.0245818027557917,-0.518968532994976,0,0
3.67,13.0666922968287,0.0245818027557917,-0.518722714967418,0,0
3.68,13.0666922968287,0.19066293693981,-0.51764649126894,0,0
3.69,13.0666922968287,0.0245818027557917,-0.516570267570462,0,0
3.7,13.0345083256543,-0.152406677359627,-0.517209391943481,0,0
3.71,13.0023243544798,-0.152406677359627,-0.518733458717077,0,0
3.72,13.0345083256543,-0.187466864989695,-0.520432826428824,0,0
3.73,12.9701403833053,-0.242849512660806,-0.522584408317076,0,0
3.74,12.9486844025224,-0.242849512660806,-0.525012903443684,0,0
3.75,12.9486844025224,-0.187466864989695,-0.527164485331937,0,0
3.76,12.9165004313479,-0.242849512660806,-0.529316067220189,0,0
3.77,12.9165004313479,-0.242849512660806,-0.531744562346797,0,0
3.78,12.9165004313479,-0.187466864989695,-0.53389614423505,0,0
3.79,12.8843164601735,-0.242849512660806,-0.536047726123302,0,0
3.8,12.8843164601735,-0.242849512660806,-0.53847622124991,0,0
3.81,12.9165004313479,0.111894124921677,-0.539130998188606,0,0
3.82,12.9165004313479,0.0245818027557917,-0.538448618550219,0,0
3.83,12.8843164601735,-0.152406677359627,-0.539087742923238,0,0
3.84,12.8843164601735,-0.152406677359627,-0.540611809696834,0,0
3.85,12.9165004313479,0.0245818027557917,-0.541250934069853,0,0
3.86,12.9165004313479,-0.152406677359627,-0.541890058442872,0,0
3.87,12.8843164601735,0.19066293693981,-0.541698777144971,0,0
3.88,12.9165004313479,0.111894124921677,-0.540185991835664,0,0
3.89,12.9165004313479,0.111894124921677,-0.539067050586447,0,0
3.9,12.9486844025224,0.0245818027557917,-0.53838467094806,0,0
3.91,12.9701403833053,0.19066293693981,-0.537308447249582,0,0
3.92,12.9701403833053,-0.242849512660806,-0.537569380128187,0,0
3.93,13.0345083256543,-0.307772604848743,-0.540322490715735,0,0
3.94,13.0666922968287,-0.152406677359627,-0.542623387126776,0,0
3.95,13.1525162199606,-0.152406677359627,-0.544147453900373,0,0
3.96,13.2168841623095,-0.152406677359627,-0.545671520673969,0,0
3.97,13.3027080854414,-0.152406677359627,-0.547195587447565,0,0
3.98,13.4207159797477,-0.242849512660806,-0.549171868397667,0,0
3.99,13.5065399028796,-0.152406677359627,-0.55114814934777,0,0
4,13.5923638260115,-0.242849512660806,-0.553124430297872,0,0
4.01,13.6781877491434,-0.242849512660806,-0.55555292542448,0,0
4.02,13.6781877491434,-0.152406677359627,-0.557529206374582,0,0
4.03,13.7425556914923,-0.152406677359627,-0.559053273148178,0,0
4.04,13.7425556914923,-0.152406677359627,-0.560577339921774,0,0
4.05,13.7747396626667,-0.152406677359627,-0.562101406695371,0,0
4.06,13.7747396626667,-0.152406677359627,-0.563625473468967,0,0
4.07,13.7961956434497,-0.152406677359627,-0.565149540242563,0,0
4.08,13.7961956434497,-0.152406677359627,-0.56667360701616,0,0
4.09,13.7747396626667,-0.152406677359627,-0.568197673789756,0,0
4.1,13.7961956434497,0.111894124921677,-0.568400236551946,0,0
4.11,13.7961956434497,0.111894124921677,-0.567281295302729,0,0
4.12,13.7747396626667,0.111894124921677,-0.566162354053512,0,0
4.13,13.7961956434497,0.19066293693981,-0.564649568744205,0,0
4.14,13.7747396626667,0.111894124921677,-0.563136783434897,0,0
4.15,13.7747396626667,0.0245818027557917,-0.56245440379651,0,0
4.16,13.7961956434497,0.19066293693981,-0.561378180098032,0,0
4.17,13.7425556914923,0.111894124921677,-0.559865394788725,0,0
4.18,13.7747396626667,-0.152406677359627,-0.560067957550914,0,0
4.19,13.7747396626667,-0.152406677359627,-0.561592024324511,0,0
4.2,13.7961956434497,0.111894124921677,-0.5617945870867,0,0
4.21,13.7961956434497,0.0245818027557917,-0.561112207448313,0,0
4.22,13.8391076050156,0.111894124921677,-0.560429827809926,0,0
4.23,13.8712915761901,-0.152406677359627,-0.560632390572115,0,0
4.24,13.8927475569731,-0.152406677359627,-0.562156457345712,0,0
4.25,13.9249315281475,-0.307772604848743,-0.564457353756754,0,0
4.26,13.9678434897135,-0.242849512660806,-0.567210464344301,0,0
4.27,14.0000274608879,-0.242849512660806,-0.569638959470909,0,0
4.28,14.0214834416709,-0.152406677359627,-0.571615240421012,0,0
4.29,14.0536674128453,-0.242849512660806,-0.573591521371114,0,0
4.3,14.0858513840198,-0.242849512660806,-0.576020016497722,0,0
4.31,14.1073073648028,-0.152406677359627,-0.577996297447824,0,0
4.32,14.1394913359772,-0.152406677359627,-0.57952036422142,0,0
4.33,14.1394913359772,-0.152406677359627,-0.581044430995016,0,0
4.34,14.1716753071517,-0.152406677359627,-0.582568497768613,0,0
4.35,14.1931312879346,-0.152406677359627,-0.584092564542209,0,0
4.36,14.2253152591091,0.111894124921677,-0.584295127304399,0,0
4.37,14.2574992302835,0.111894124921677,-0.583176186055182,0,0
4.38,14.289683201458,0.111894124921677,-0.582057244805965,0,0
4.39,14.3755071245899,-0.152406677359627,-0.582259807568155,0,0
4.4,14.4291470765473,0.111894124921677,-0.582462370330345,0,0
4.41,14.4613310477218,0.19066293693981,-0.580949585021037,0,0
4.42,14.4935150188962,-0.152406677359627,-0.580758303723137,0,0
4.43,14.4935150188962,0.111894124921677,-0.580960866485326,0,0
4.44,14.4613310477218,-0.152406677359627,-0.581163429247516,0,0
4.45,14.4935150188962,-0.152406677359627,-0.582687496021112,0,0
4.46,14.4935150188962,-0.152406677359627,-0.584211562794709,0,0
4.47,14.5149709996792,-0.152406677359627,-0.585735629568305,0,0
4.48,14.5149709996792,-0.152406677359627,-0.587259696341901,0,0
4.49,14.5149709996792,-0.242849512660806,-0.589235977292003,0,0
4.5,14.5149709996792,-0.152406677359627,-0.591212258242106,0,0
4.51,14.5471549708536,0.0245818027557917,-0.591851382615125,0,0
4.52,14.5149709996792,-0.242849512660806,-0.59294272116465,0,0
4.53,14.5471549708536,-0.242849512660806,-0.595371216291258,0,0
4.54,14.5793389420281,-0.187466864989695,-0.59752279817951,0,0
4.55,14.6329788939855,0.111894124921677,-0.59790066187985,0,0
4.56,14.6329788939855,0.111894124921677,-0.596781720630634,0,0
4.57,14.6866188459429,0.111894124921677,-0.595662779381417,0,0
4.58,14.66516286516,0.111894124921677,-0.5945438381322,0,0
4.59,14.66516286516,0.111894124921677,-0.593424896882983,0,0
4.6,14.66516286516,0.111894124921677,-0.592305955633767,0,0
4.61,14.66516286516,0.111894124921677,-0.59118701438455,0,0
4.62,14.6866188459429,0.111894124921677,-0.590068073135333,0,0
4.63,14.66516286516,0.19066293693981,-0.588555287826026,0,0
4.64,14.6329788939855,0.111894124921677,-0.587042502516718,0,0
4.65,14.6007949228111,0.0245818027557917,-0.586360122878331,0,0
4.66,14.5793389420281,0.0245818027557917,-0.586114304850773,0,0
4.67,14.5793389420281,-0.187466864989695,-0.586928730161942,0,0
4.68,14.5149709996792,0.0245818027557917,-0.587743155473112,0,0
4.69,14.4935150188962,-0.242849512660806,-0.588834494022637,0,0
4.7,14.4613310477218,-0.187466864989695,-0.590986075910889,0,0
4.71,14.3969631053729,-0.187466864989695,-0.592860744560786,0,0
4.72,14.3433231534154,-0.152406677359627,-0.594560112272533,0,0
4.73,14.311139182241,-0.152406677359627,-0.596084179046129,0,0
4.74,14.2253152591091,-0.242849512660806,-0.598060459996231,0,0
4.75,14.1931312879346,-0.307772604848743,-0.600813570583779,0,0
4.76,14.1716753071517,0.111894124921677,-0.601792962983415,0,0
4.77,14.1394913359772,-0.152406677359627,-0.601995525745604,0,0
4.78,14.0858513840198,-0.242849512660806,-0.603971806695706,0,0
4.79,14.0858513840198,-0.242849512660806,-0.606400301822315,0,0
4.8,14.0536674128453,0.111894124921677,-0.60705507876101,0,0
4.81,14.0214834416709,-0.152406677359627,-0.6072576415232,0,0
4.82,14.0214834416709,-0.152406677359627,-0.608781708296796,0,0
4.83,14.0214834416709,0.111894124921677,-0.608984271058986,0,0
4.84,14.0536674128453,0.111894124921677,-0.607865329809769,0,0
4.85,14.0214834416709,0.0245818027557917,-0.607182950171382,0,0
4.86,14.0000274608879,0.111894124921677,-0.606500570532995,0,0
4.87,14.0000274608879,-0.152406677359627,-0.606703133295184,0,0
4.88,13.9249315281475,-0.152406677359627,-0.608227200068781,0,0
4.89,13.9678434897135,0.111894124921677,-0.60842976283097,0,0
4.9,13.9249315281475,0.0245818027557917,-0.607747383192583,0,0
4.91,13.8927475569731,-0.152406677359627,-0.608386507565602,0,0
4.92,13.8927475569731,0.19066293693981,-0.608195226267701,0,0
4.93,13.8927475569731,0.111894124921677,-0.606682440958394,0,0
4.94,13.8927475569731,-0.152406677359627,-0.606885003720584,0,0
4.95,13.8712915761901,0.111894124921677,-0.607087566482773,0,0
4.96,13.8712915761901,0.19066293693981,-0.605574781173466,0,0
4.97,13.8927475569731,-0.152406677359627,-0.605383499875565,0,0
4.98,13.8927475569731,-0.152406677359627,-0.606907566649161,0,0
4.99,13.8927475569731,-0.242849512660806,-0.608883847599264,0,0
5,13.8927475569731,-0.242849512660806,-0.611312342725872,0,0
5.01,13.8391076050156,-0.152406677359627,-0.613288623675974,0,0
5.02,13.7961956434497,-0.152406677359627,-0.61481269044957,0,0
5.03,13.7961956434497,-0.152406677359627,-0.616336757223166,0,0
5.04,13.7961956434497,-0.187466864989695,-0.618036124934913,0,0
5.05,13.7425556914923,-0.152406677359627,-0.61973549264666,0,0
5.06,13.7425556914923,-0.187466864989695,-0.621434860358406,0,0
5.07,13.7103717203178,0.19066293693981,-0.621418879998656,0,0
5.08,13.7103717203178,0.19066293693981,-0.619512250629257,0,0
5.09,13.6781877491434,0.111894124921677,-0.61799946531995,0,0
5.1,13.6567317683604,0.245325122751503,-0.616213369081584,0,0
5.11,13.6245477971859,0.111894124921677,-0.614427272843218,0,0
5.12,13.5923638260115,0.19066293693981,-0.612914487533911,0,0
5.13,13.5923638260115,0.111894124921677,-0.611401702224603,0,0
5.14,13.5923638260115,0.19066293693981,-0.609888916915296,0,0
5.15,13.5923638260115,0.19066293693981,-0.607982287545898,0,0
5.16,13.5923638260115,0.19066293693981,-0.6060756581765,0,0
5.17,13.5709078452285,0.19066293693981,-0.604169028807102,0,0
5.18,13.5387238740541,0.111894124921677,-0.602656243497794,0,0
5.19,13.5387238740541,0.111894124921677,-0.601537302248577,0,0
5.2,13.5387238740541,0.111894124921677,-0.600418360999361,0,0
5.21,13.5065399028796,0.111894124921677,-0.599299419750144,0,0
5.22,13.4743559317051,0.111894124921677,-0.598180478500927,0,0
5.23,13.4743559317051,-0.152406677359627,-0.598383041263117,0,0
5.24,13.4528999509222,0.19066293693981,-0.598191759965216,0,0
5.25,13.4207159797477,0.111894124921677,-0.596678974655909,0,0
5.26,13.3670760277903,0.19066293693981,-0.595166189346601,0,0
5.27,13.3348920566158,0.0245818027557917,-0.594089965648123,0,0
5.28,13.3027080854414,0.19066293693981,-0.593013741949645,0,0
5.29,13.2812521046584,0.19066293693981,-0.591107112580247,0,0
5.3,13.249068133484,0.111894124921677,-0.58959432727094,0,0
5.31,13.249068133484,0.111894124921677,-0.588475386021723,0,0
5.32,13.1739722007436,0.19066293693981,-0.586962600712415,0,0
5.33,13.2812521046584,0.0245818027557917,-0.585886377013937,0,0
5.34,13.249068133484,0.111894124921677,-0.58520399737555,0,0
5.35,13.249068133484,-0.152406677359627,-0.58540656013774,0,0
5.36,13.2168841623095,-0.152406677359627,-0.586930626911336,0,0
5.37,13.1739722007436,0.111894124921677,-0.587133189673526,0,0
5.38,13.0881482776117,0.111894124921677,-0.586014248424309,0,0
5.39,13.0666922968287,0.0245818027557917,-0.585331868785922,0,0
5.4,13.0345083256543,-0.187466864989695,-0.586146294097091,0,0
5.41,13.0345083256543,-0.242849512660806,-0.588297875985344,0,0
5.42,13.0023243544798,0.0245818027557917,-0.589389214534869,0,0
5.43,13.0023243544798,-0.242849512660806,-0.590480553084394,0,0
5.44,12.9701403833053,0.0245818027557917,-0.591571891633919,0,0
5.45,12.9701403833053,-0.152406677359627,-0.592211016006938,0,0
5.46,12.9701403833053,0.0245818027557917,-0.592850140379957,0,0
5.47,12.9701403833053,0.0245818027557917,-0.592604322352399,0,0
5.48,12.9486844025224,-0.152406677359627,-0.593243446725418,0,0
5.49,12.9486844025224,-0.152406677359627,-0.594767513499015,0,0
5.5,12.9486844025224,-0.152406677359627,-0.596291580272611,0,0
5.51,12.9486844025224,-0.152406677359627,-0.597815647046207,0,0
5.52,12.9165004313479,-0.152406677359627,-0.599339713819803,0,0
5.53,12.9165004313479,0.0245818027557917,-0.599978838192823,0,0
5.54,12.9486844025224,-0.152406677359627,-0.600617962565842,0,0
5.55,12.8843164601735,0.0245818027557917,-0.601257086938861,0,0
5.56,12.8628604793905,-0.152406677359627,-0.60189621131188,0,0
5.57,12.8628604793905,-0.307772604848743,-0.604197107722922,0,0
5.58,12.8199485178246,-0.152406677359627,-0.606498004133964,0,0
5.59,12.7877645466501,-0.242849512660806,-0.608474285084066,0,0
5.6,12.7555805754756,0.19066293693981,-0.608735217962671,0,0
5.61,12.7341245946927,0.0245818027557917,-0.607658994264193,0,0
5.62,12.7019406235182,0.19066293693981,-0.606582770565715,0,0
5.63,12.6697566523438,0.111894124921677,-0.605069985256407,0,0
5.64,12.7019406235182,0.111894124921677,-0.603951044007191,0,0
5.65,12.6483006715608,-0.152406677359627,-0.60415360676938,0,0
5.66,12.6697566523438,0.0245818027557917,-0.6047927311424,0,0
5.67,12.6161167003863,-0.152406677359627,-0.605431855515419,0,0
5.68,12.6161167003863,-0.152406677359627,-0.606955922289015,0,0
5.69,12.6161167003863,0.111894124921677,-0.607158485051205,0,0
5.7,12.6161167003863,0.111894124921677,-0.606039543801988,0,0
5.71,12.6483006715608,0.19066293693981,-0.604526758492681,0,0
5.72,12.6483006715608,-0.152406677359627,-0.60433547719478,0,0
5.73,12.6697566523438,-0.152406677359627,-0.605859543968376,0,0
5.74,12.6697566523438,-0.152406677359627,-0.607383610741972,0,0
5.75,12.7019406235182,-0.152406677359627,-0.608907677515569,0,0
5.76,12.7019406235182,0.0245818027557917,-0.609546801888588,0,0
5.77,12.7341245946927,0.111894124921677,-0.6088644222502,0,0
5.78,12.7555805754756,0.0245818027557917,-0.608182042611813,0,0
5.79,12.7877645466501,-0.152406677359627,-0.608821166984832,0,0
5.8,12.8199485178246,-0.152406677359627,-0.610345233758428,0,0
5.81,12.8628604793905,-0.152406677359627,-0.611869300532025,0,0
5.82,12.8628604793905,-0.152406677359627,-0.613393367305621,0,0
5.83,12.8843164601735,-0.152406677359627,-0.614917434079217,0,0
5.84,12.9165004313479,-0.152406677359627,-0.616441500852814,0,0
5.85,12.9701403833053,-0.152406677359627,-0.61796556762641,0,0
5.86,12.9701403833053,-0.152406677359627,-0.619489634400006,0,0
5.87,13.0023243544798,-0.152406677359627,-0.621013701173602,0,0
5.88,13.0345083256543,0.0245818027557917,-0.621652825546622,0,0
5.89,13.0666922968287,-0.152406677359627,-0.622291949919641,0,0
5.9,13.0881482776117,-0.152406677359627,-0.623816016693237,0,0
5.91,13.0881482776117,0.0245818027557917,-0.624455141066256,0,0
5.92,13.1203322487861,0.0245818027557917,-0.624209323038698,0,0
5.93,13.1525162199606,-0.242849512660806,-0.625300661588223,0,0
5.94,13.1739722007436,-0.152406677359627,-0.627276942538325,0,0
5.95,13.2168841623095,-0.307772604848743,-0.629577838949367,0,0
5.96,13.249068133484,-0.242849512660806,-0.632330949536915,0,0
5.97,13.249068133484,-0.187466864989695,-0.634482531425168,0,0
5.98,13.2812521046584,-0.152406677359627,-0.636181899136914,0,0
5.99,13.2812521046584,-0.187466864989695,-0.637881266848661,0,0
6,13.2812521046584,-0.187466864989695,-0.639755935498558,0,0
6.01,13.3027080854414,0.111894124921677,-0.640133799198898,0,0
6.02,13.3348920566158,0.19066293693981,-0.63862101388959,0,0
6.03,13.3027080854414,-0.152406677359627,-0.638429732591689,0,0
6.04,13.3348920566158,0.111894124921677,-0.638632295353879,0,0
6.05,13.3348920566158,0.19066293693981,-0.637119510044572,0,0
6.06,13.3027080854414,-0.152406677359627,-0.636928228746671,0,0
6.07,13.3027080854414,0.111894124921677,-0.637130791508861,0,0
6.08,13.3027080854414,0.111894124921677,-0.636011850259644,0,0
6.09,13.3027080854414,0.19066293693981,-0.634499064950336,0,0
6.1,13.249068133484,0.111894124921677,-0.632986279641029,0,0
6.11,13.2812521046584,0.111894124921677,-0.631867338391812,0,0
6.12,13.249068133484,-0.152406677359627,-0.632069901154002,0,0
6.13,13.249068133484,-0.152406677359627,-0.633593967927598,0,0
6.14,13.249068133484,-0.152406677359627,-0.635118034701195,0,0
6.15,13.2168841623095,-0.242849512660806,-0.637094315651297,0,0
6.16,13.2168841623095,-0.152406677359627,-0.639070596601399,0,0
6.17,13.2168841623095,-0.152406677359627,-0.640594663374995,0,0
6.18,13.1739722007436,-0.152406677359627,-0.642118730148592,0,0
6.19,13.2168841623095,0.0245818027557917,-0.642757854521611,0,0
6.2,13.1739722007436,-0.152406677359627,-0.64339697889463,0,0
6.21,13.1739722007436,-0.152406677359627,-0.644921045668226,0,0
6.22,13.2168841623095,0.111894124921677,-0.645123608430416,0,0
6.23,13.249068133484,-0.152406677359627,-0.645326171192606,0,0
6.24,13.249068133484,-0.152406677359627,-0.646850237966202,0,0
6.25,13.249068133484,0.111894124921677,-0.647052800728392,0,0
6.26,13.2168841623095,0.0245818027557917,-0.646370421090004,0,0
6.27,13.1525162199606,-0.152406677359627,-0.647009545463024,0,0
6.28,13.1203322487861,0.19066293693981,-0.646818264165123,0,0
6.29,13.1203322487861,0.111894124921677,-0.645305478855815,0,0
6.3,13.0666922968287,0.111894124921677,-0.644186537606598,0,0
6.31,13.0666922968287,-0.152406677359627,-0.644389100368788,0,0
6.32,13.0666922968287,-0.152406677359627,-0.645913167142385,0,0
6.33,13.0345083256543,0.111894124921677,-0.646115729904574,0,0
6.34,13.0023243544798,-0.152406677359627,-0.646318292666764,0,0
6.35,13.0023243544798,0.19066293693981,-0.646127011368863,0,0
6.36,12.9701403833053,-0.242849512660806,-0.646387944247468,0,0
6.37,12.9701403833053,0.111894124921677,-0.647042721186164,0,0
6.38,12.9701403833053,0.111894124921677,-0.645923779936947,0,0
6.39,12.9701403833053,-0.152406677359627,-0.646126342699137,0,0
6.4,12.9486844025224,0.0245818027557917,-0.646765467072156,0,0
6.41,12.9486844025224,-0.152406677359627,-0.647404591445175,0,0
6.42,12.9165004313479,0.111894124921677,-0.647607154207365,0,0
6.43,12.9165004313479,0.111894124921677,-0.646488212958148,0,0
6.44,12.9486844025224,0.111894124921677,-0.645369271708931,0,0
6.45,12.9486844025224,0.111894124921677,-0.644250330459715,0,0
6.46,12.9486844025224,-0.152406677359627,-0.644452893221904,0,0
6.47,12.9486844025224,-0.152406677359627,-0.645976959995501,0,0
6.48,12.9701403833053,-0.152406677359627,-0.647501026769097,0,0
6.49,13.0023243544798,0.111894124921677,-0.647703589531287,0,0
6.5,13.0345083256543,0.111894124921677,-0.64658464828207,0,0
6.51,13.0345083256543,0.111894124921677,-0.645465707032853,0,0
6.52,13.0023243544798,0.111894124921677,-0.644346765783637,0,0
6.53,13.0881482776117,0.111894124921677,-0.64322782453442,0,0
6.54,13.1203322487861,-0.152406677359627,-0.64343038729661,0,0
6.55,13.1525162199606,-0.242849512660806,-0.645406668246712,0,0
6.56,13.1739722007436,-0.152406677359627,-0.647382949196814,0,0
6.57,13.1739722007436,-0.152406677359627,-0.64890701597041,0,0
6.58,13.249068133484,-0.242849512660806,-0.650883296920512,0,0
6.59,13.249068133484,-0.152406677359627,-0.652859577870615,0,0
6.6,13.2168841623095,-0.152406677359627,-0.654383644644211,0,0
6.61,13.249068133484,0.0245818027557917,-0.65502276901723,0,0
6.62,13.2812521046584,0.0245818027557917,-0.654776950989672,0,0
6.63,13.3348920566158,0.0245818027557917,-0.654531132962114,0,0
6.64,13.3670760277903,0.19066293693981,-0.653454909263636,0,0
6.65,13.3670760277903,0.19066293693981,-0.651548279894238,0,0
6.66,13.3670760277903,0.111894124921677,-0.65003549458493,0,0
6.67,13.4207159797477,0.19066293693981,-0.648522709275623,0,0
6.68,13.4528999509222,0.19066293693981,-0.646616079906225,0,0
6.69,13.4743559317051,0.0245818027557917,-0.645539856207747,0,0
6.7,13.4528999509222,0.19066293693981,-0.644463632509269,0,0
6.71,13.5065399028796,-0.152406677359627,-0.644272351211368,0,0
6.72,13.5387238740541,0.111894124921677,-0.644474913973558,0,0
6.73,13.5387238740541,-0.152406677359627,-0.644677476735747,0,0
6.74,13.5387238740541,0.111894124921677,-0.644880039497937,0,0
6.75,13.5387238740541,-0.152406677359627,-0.645082602260127,0,0
6.76,13.5923638260115,-0.307772604848743,-0.647383498671169,0,0
6.77,13.6567317683604,-0.242849512660806,-0.650136609258717,0,0
6.78,13.7103717203178,-0.152406677359627,-0.652112890208819,0,0
6.79,13.7425556914923,-0.242849512660806,-0.654089171158921,0,0
6.8,13.7961956434497,-0.152406677359627,-0.656065452109023,0,0
6.81,13.8391076050156,-0.242849512660806,-0.658041733059125,0,0
6.82,13.8712915761901,0.0245818027557917,-0.65913307160865,0,0
6.83,13.8927475569731,-0.242849512660806,-0.660224410158175,0,0
6.84,13.8927475569731,-0.152406677359627,-0.662200691108278,0,0
6.85,13.9249315281475,0.19066293693981,-0.662009409810377,0,0
6.86,13.9249315281475,-0.152406677359627,-0.661818128512476,0,0
6.87,14.0214834416709,0.111894124921677,-0.662020691274665,0,0
6.88,14.0536674128453,0.111894124921677,-0.660901750025449,0,0
6.89,14.0858513840198,0.19066293693981,-0.659388964716141,0,0
6.9,14.1073073648028,-0.152406677359627,-0.65919768341824,0,0
6.91,14.1073073648028,0.0245818027557917,-0.65983680779126,0,0
6.92,14.1073073648028,0.111894124921677,-0.659154428152872,0,0
6.93,14.0858513840198,0.19066293693981,-0.657641642843565,0,0
6.94,14.0858513840198,-0.152406677359627,-0.657450361545664,0,0
6.95,14.1073073648028,0.111894124921677,-0.657652924307854,0,0
6.96,14.0858513840198,-0.152406677359627,-0.657855487070043,0,0
6.97,14.0858513840198,-0.242849512660806,-0.659831768020146,0,0
6.98,14.0536674128453,-0.152406677359627,-0.661808048970248,0,0
6.99,14.0858513840198,-0.152406677359627,-0.663332115743844,0,0
7,14.0214834416709,-0.242849512660806,-0.665308396693946,0,0
7.01,14.0214834416709,-0.152406677359627,-0.667284677644048,0,0
7.02,14.0000274608879,-0.187466864989695,-0.668984045355795,0,0
7.03,14.0000274608879,-0.242849512660806,-0.671135627244047,0,0
7.04,14.0000274608879,-0.187466864989695,-0.6732872091323,0,0
7.05,14.0214834416709,-0.187466864989695,-0.675161877782197,0,0
7.06,14.0858513840198,0.0245818027557917,-0.675976303093366,0,0
7.07,14.1073073648028,0.19066293693981,-0.674900079394888,0,0
7.08,14.1073073648028,0.19066293693981,-0.67299345002549,0,0
7.09,14.1394913359772,0.19066293693981,-0.671086820656092,0,0
7.1,14.1394913359772,0.268515262170148,-0.668790929660542,0,0
7.11,14.1073073648028,0.0245818027557917,-0.667325444335913,0,0
7.12,14.1716753071517,0.111894124921677,-0.666643064697525,0,0
7.13,14.2253152591091,-0.152406677359627,-0.666845627459715,0,0
7.14,14.2574992302835,-0.152406677359627,-0.668369694233311,0,0
7.15,14.311139182241,0.111894124921677,-0.668572256995501,0,0
7.16,14.3969631053729,-0.152406677359627,-0.668774819757691,0,0
7.17,14.4935150188962,-0.152406677359627,-0.670298886531287,0,0
7.18,14.5149709996792,-0.242849512660806,-0.672275167481389,0,0
7.19,14.6007949228111,-0.242849512660806,-0.674703662607997,0,0
7.2,14.6329788939855,-0.152406677359627,-0.676679943558099,0,0
7.21,14.6866188459429,-0.307772604848743,-0.678980839969141,0,0
7.22,14.7188028171174,-0.152406677359627,-0.681281736380183,0,0
7.23,14.7831707594663,-0.242849512660806,-0.683258017330285,0,0
7.24,14.7831707594663,0.0245818027557917,-0.68434935587981,0,0
7.25,14.8260827210323,-0.152406677359627,-0.684988480252829,0,0
7.26,14.8904506633812,-0.152406677359627,-0.686512547026426,0,0
7.27,14.9440906153386,-0.152406677359627,-0.688036613800022,0,0
7.28,14.976274586513,-0.152406677359627,-0.689560680573618,0,0
7.29,15.0084585576875,-0.152406677359627,-0.691084747347215,0,0
7.3,15.0620985096449,-0.152406677359627,-0.692608814120811,0,0
7.31,15.0942824808194,-0.152406677359627,-0.694132880894407,0,0
7.32,15.0942824808194,-0.152406677359627,-0.695656947668003,0,0
7.33,15.0942824808194,-0.152406677359627,-0.6971810144416,0,0
7.34,15.1157384616023,-0.242849512660806,-0.699157295391702,0,0
7.35,15.0942824808194,-0.152406677359627,-0.701133576341804,0,0
7.36,15.0299145384705,-0.242849512660806,-0.703109857291906,0,0
7.37,15.0299145384705,-0.152406677359627,-0.705086138242008,0,0
7.38,14.976274586513,-0.152406677359627,-0.706610205015605,0,0
7.39,14.9440906153386,-0.187466864989695,-0.708309572727351,0,0
7.4,14.8904506633812,-0.152406677359627,-0.710008940439098,0,0
7.41,14.8260827210323,0.0245818027557917,-0.710648064812117,0,0
7.42,14.8260827210323,0.0245818027557917,-0.710402246784559,0,0
7.43,14.7509867882919,-0.187466864989695,-0.711216672095729,0,0
7.44,14.6866188459429,-0.242849512660806,-0.713368253983981,0,0
7.45,14.6329788939855,0.0245818027557917,-0.714459592533506,0,0
7.46,14.5793389420281,0.0245818027557917,-0.714213774505948,0,0
7.47,14.4935150188962,-0.152406677359627,-0.714852898878967,0,0
7.48,14.4291470765473,0.111894124921677,-0.715055461641157,0,0
7.49,14.3969631053729,0.111894124921677,-0.71393652039194,0,0
7.5,14.3433231534154,0.111894124921677,-0.712817579142724,0,0
7.51,14.2574992302835,0.0245818027557917,-0.712135199504336,0,0
7.52,14.1931312879346,0.111894124921677,-0.711452819865949,0,0
7.53,14.1073073648028,0.0245818027557917,-0.710770440227562,0,0
7.54,14.0536674128453,0.19066293693981,-0.709694216529083,0,0
7.55,14.0214834416709,0.0245818027557917,-0.708617992830605,0,0
7.56,13.9678434897135,0.19066293693981,-0.707541769132127,0,0
7.57,13.8927475569731,0.0245818027557917,-0.706465545433649,0,0
7.58,13.8391076050156,0.111894124921677,-0.705783165795262,0,0
7.59,13.8391076050156,-0.242849512660806,-0.706437942733958,0,0
7.6,13.7747396626667,0.0245818027557917,-0.707529281283483,0,0
7.61,13.7103717203178,-0.242849512660806,-0.708620619833008,0,0
7.62,13.6567317683604,-0.242849512660806,-0.711049114959616,0,0
7.63,13.6245477971859,-0.242849512660806,-0.713477610086224,0,0
7.64,13.5709078452285,-0.152406677359627,-0.715453891036326,0,0
7.65,13.5065399028796,-0.152406677359627,-0.716977957809922,0,0
7.66,13.4528999509222,-0.242849512660806,-0.718954238760024,0,0
7.67,13.3885320085733,-0.187466864989695,-0.721105820648277,0,0
7.68,13.3670760277903,-0.152406677359627,-0.722805188360023,0,0
7.69,13.3027080854414,-0.242849512660806,-0.724781469310126,0,0
7.7,13.249068133484,-0.242849512660806,-0.727209964436734,0,0
7.71,13.249068133484,0.0245818027557917,-0.728301302986259,0,0
7.72,13.1739722007436,-0.152406677359627,-0.728940427359278,0,0
7.73,13.1525162199606,-0.152406677359627,-0.730464494132874,0,0
7.74,13.0881482776117,-0.242849512660806,-0.732440775082976,0,0
7.75,13.0666922968287,-0.152406677359627,-0.734417056033078,0,0
7.76,13.0023243544798,-0.152406677359627,-0.735941122806675,0,0
7.77,12.9701403833053,-0.242849512660806,-0.737917403756777,0,0
7.78,12.8843164601735,-0.242849512660806,-0.740345898883385,0,0
7.79,12.9165004313479,0.0245818027557917,-0.74143723743291,0,0
7.8,12.8628604793905,-0.152406677359627,-0.742076361805929,0,0
7.81,12.8628604793905,0.0245818027557917,-0.742715486178948,0,0
7.82,12.7877645466501,-0.242849512660806,-0.743806824728473,0,0
7.83,12.7555805754756,-0.152406677359627,-0.745783105678576,0,0
7.84,12.7555805754756,-0.242849512660806,-0.747759386628678,0,0
7.85,12.7877645466501,-0.152406677359627,-0.74973566757878,0,0
7.86,12.7877645466501,-0.152406677359627,-0.751259734352376,0,0
7.87,12.7555805754756,-0.242849512660806,-0.753236015302478,0,0
7.88,12.7019406235182,-0.152406677359627,-0.75521229625258,0,0
7.89,12.6697566523438,-0.242849512660806,-0.757188577202683,0,0
7.9,12.6161167003863,0.0245818027557917,-0.758279915752208,0,0
7.91,12.5624767484289,-0.152406677359627,-0.758919040125227,0,0
7.92,12.5302927772545,-0.152406677359627,-0.760443106898823,0,0
7.93,12.4659248349056,-0.152406677359627,-0.761967173672419,0,0
7.94,12.49810880608,-0.152406677359627,-0.763491240446016,0,0
7.95,12.49810880608,-0.152406677359627,-0.765015307219612,0,0
7.96,12.4659248349056,0.0245818027557917,-0.765654431592631,0,0
7.97,12.4444688541226,-0.242849512660806,-0.766745770142156,0,0
7.98,12.49810880608,-0.152406677359627,-0.768722051092258,0,0
7.99,12.49810880608,-0.152406677359627,-0.770246117865855,0,0
8,12.49810880608,-0.152406677359627,-0.771770184639451,0,0
8.01,12.4659248349056,0.0245818027557917,-0.77240930901247,0,0
8.02,12.4659248349056,-0.242849512660806,-0.773500647561995,0,0
8.03,12.49810880608,-0.187466864989695,-0.775652229450248,0,0
8.04,12.4444688541226,-0.242849512660806,-0.7778038113385,0,0
8.05,12.4015568925566,-0.152406677359627,-0.779780092288602,0,0
8.06,12.4015568925566,-0.152406677359627,-0.781304159062199,0,0
8.07,12.3693729213822,0.0245818027557917,-0.781943283435218,0,0
8.08,12.3479169405992,-0.187466864989695,-0.782757708746387,0,0
8.09,12.4015568925566,-0.152406677359627,-0.784457076458134,0,0
8.1,12.3479169405992,-0.152406677359627,-0.78598114323173,0,0
8.11,12.3693729213822,-0.152406677359627,-0.787505210005326,0,0
8.12,12.3479169405992,-0.152406677359627,-0.789029276778923,0,0
8.13,12.3157329694248,-0.152406677359627,-0.790553343552519,0,0
8.14,12.3157329694248,-0.152406677359627,-0.792077410326115,0,0
8.15,12.3157329694248,-0.152406677359627,-0.793601477099712,0,0
8.16,12.3157329694248,-0.242849512660806,-0.795577758049814,0,0
8.17,12.3157329694248,-0.242849512660806,-0.798006253176422,0,0
8.18,12.3479169405992,0.0245818027557917,-0.799097591725947,0,0
8.19,12.3479169405992,0.0245818027557917,-0.798851773698389,0,0
8.2,12.3479169405992,0.0245818027557917,-0.798605955670831,0,0
8.21,12.3479169405992,-0.152406677359627,-0.79924508004385,0,0
8.22,12.3693729213822,-0.152406677359627,-0.800769146817446,0,0
8.23,12.3693729213822,-0.152406677359627,-0.802293213591043,0,0
8.24,12.3693729213822,0.111894124921677,-0.802495776353232,0,0
8.25,12.3479169405992,0.111894124921677,-0.801376835104016,0,0
8.26,12.3479169405992,0.0245818027557917,-0.800694455465628,0,0
8.27,12.3479169405992,-0.152406677359627,-0.801333579838647,0,0
8.28,12.3479169405992,0.0245818027557917,-0.801972704211667,0,0
8.29,12.3479169405992,0.19066293693981,-0.800896480513189,0,0
8.3,12.3693729213822,0.111894124921677,-0.799383695203881,0,0
8.31,12.4015568925566,-0.152406677359627,-0.799586257966071,0,0
8.32,12.4015568925566,0.111894124921677,-0.799788820728261,0,0
8.33,12.4444688541226,0.111894124921677,-0.798669879479044,0,0
8.34,12.49810880608,0.19066293693981,-0.797157094169736,0,0
8.35,12.5302927772545,-0.152406677359627,-0.796965812871836,0,0
8.36,12.5624767484289,0.19066293693981,-0.796774531573935,0,0
8.37,12.5624767484289,0.19066293693981,-0.794867902204537,0,0
8.38,12.5624767484289,0.111894124921677,-0.793355116895229,0,0
8.39,12.5839327292119,0.0245818027557917,-0.792672737256842,0,0
8.4,12.5624767484289,0.111894124921677,-0.791990357618454,0,0
8.41,12.5302927772545,0.111894124921677,-0.790871416369238,0,0
8.42,12.5302927772545,-0.152406677359627,-0.791073979131427,0,0
8.43,12.5302927772545,-0.187466864989695,-0.792773346843174,0,0
8.44,12.49810880608,-0.187466864989695,-0.794648015493071,0,0
8.45,12.49810880608,-0.152406677359627,-0.796347383204818,0,0
8.46,12.4659248349056,-0.152406677359627,-0.797871449978414,0,0
8.47,12.4659248349056,0.0245818027557917,-0.798510574351433,0,0
8.48,12.4015568925566,0.0245818027557917,-0.798264756323875,0,0
8.49,12.3693729213822,-0.242849512660806,-0.7993560948734,0,0
8.5,12.3693729213822,0.0245818027557917,-0.800447433422925,0,0
8.51,12.4015568925566,-0.152406677359627,-0.801086557795944,0,0
8.52,12.3479169405992,-0.242849512660806,-0.803062838746046,0,0
8.53,12.3479169405992,0.245325122751503,-0.803050460695593,0,0
8.54,12.3693729213822,0.245325122751503,-0.800597209468078,0,0
8.55,12.3479169405992,0.19066293693981,-0.798417269169621,0,0
8.56,12.3479169405992,0.245325122751503,-0.796237328871165,0,0
8.57,12.3157329694248,0.19066293693981,-0.794057388572708,0,0
8.58,12.3693729213822,0.19066293693981,-0.79215075920331,0,0
8.59,12.4015568925566,0.19066293693981,-0.790244129833912,0,0
8.6,12.4444688541226,0.19066293693981,-0.788337500464514,0,0
8.61,12.49810880608,0.19066293693981,-0.786430871095116,0,0
8.62,12.49810880608,0.19066293693981,-0.784524241725718,0,0
8.63,12.5624767484289,0.0245818027557917,-0.78344801802724,0,0
8.64,12.4659248349056,-0.152406677359627,-0.784087142400259,0,0
8.65,12.4659248349056,0.0245818027557917,-0.784726266773278,0,0
8.66,12.4015568925566,-0.152406677359627,-0.785365391146297,0,0
8.67,12.3693729213822,-0.152406677359627,-0.786889457919893,0,0
8.68,12.3693729213822,-0.242849512660806,-0.788865738869995,0,0
8.69,12.3693729213822,-0.242849512660806,-0.791294233996603,0,0
8.7,12.3693729213822,-0.242849512660806,-0.793722729123212,0,0
8.71,12.3479169405992,-0.242849512660806,-0.79615122424982,0,0
8.72,12.3693729213822,-0.307772604848743,-0.798904334837367,0,0
8.73,12.3693729213822,-0.307772604848743,-0.801982060885855,0,0
8.74,12.3693729213822,0.0245818027557917,-0.80339801489632,0,0
8.75,12.3693729213822,-0.187466864989695,-0.804212440207489,0,0
8.76,12.3479169405992,-0.242849512660806,-0.806364022095742,0,0
8.77,12.3479169405992,-0.152406677359627,-0.808340303045844,0,0
8.78,12.3157329694248,-0.152406677359627,-0.80986436981944,0,0
8.79,12.2835489982503,-0.187466864989695,-0.811563737531187,0,0
8.8,12.2513650270759,-0.152406677359627,-0.813263105242933,0,0
8.81,12.2513650270759,-0.152406677359627,-0.81478717201653,0,0
8.82,12.2299090462929,0.0245818027557917,-0.815426296389549,0,0
8.83,12.2299090462929,-0.152406677359627,-0.816065420762568,0,0
8.84,12.1977250751184,0.0245818027557917,-0.816704545135587,0,0
8.85,12.1977250751184,-0.152406677359627,-0.817343669508606,0,0
8.86,12.165541103944,-0.152406677359627,-0.818867736282202,0,0
8.87,12.165541103944,0.0245818027557917,-0.819506860655222,0,0
8.88,12.144085123161,-0.152406677359627,-0.820145985028241,0,0
8.89,12.165541103944,-0.152406677359627,-0.821670051801837,0,0
8.9,12.144085123161,-0.187466864989695,-0.823369419513584,0,0
8.91,12.144085123161,0.0245818027557917,-0.824183844824753,0,0
8.92,12.165541103944,0.0245818027557917,-0.823938026797195,0,0
8.93,12.165541103944,-0.152406677359627,-0.824577151170214,0,0
8.94,12.144085123161,0.0245818027557917,-0.825216275543234,0,0
8.95,12.1119011519865,0.19066293693981,-0.824140051844755,0,0
8.96,12.0797171808121,0.111894124921677,-0.822627266535448,0,0
8.97,12.1119011519865,0.268515262170148,-0.820725219599989,0,0
8.98,12.1119011519865,0.19066293693981,-0.818429328604439,0,0
8.99,12.0797171808121,0.268515262170148,-0.816133437608889,0,0
9,12.0797171808121,0.19066293693981,-0.813837546613339,0,0
9.01,12.0475332096376,0.268515262170148,-0.81154165561779,0,0
9.02,12.0260772288547,0.19066293693981,-0.80924576462224,0,0
9.03,12.0260772288547,0.268515262170148,-0.80694987362669,0,0
9.04,12.0260772288547,0.19066293693981,-0.80465398263114,0,0
9.05,12.0475332096376,0.0245818027557917,-0.803577758932662,0,0
9.06,12.0797171808121,-0.187466864989695,-0.804392184243832,0,0
9.07,12.1119011519865,-0.152406677359627,-0.806091551955578,0,0
9.08,12.1119011519865,-0.152406677359627,-0.807615618729174,0,0
9.09,12.165541103944,-0.152406677359627,-0.809139685502771,0,0
9.1,12.165541103944,-0.187466864989695,-0.810839053214517,0,0
9.11,12.1977250751184,-0.187466864989695,-0.812713721864414,0,0
9.12,12.1977250751184,0.0245818027557917,-0.813528147175584,0,0
9.13,12.165541103944,-0.152406677359627,-0.814167271548603,0,0
9.14,12.165541103944,-0.242849512660806,-0.816143552498705,0,0
9.15,12.165541103944,-0.152406677359627,-0.818119833448807,0,0
9.16,12.144085123161,-0.152406677359627,-0.819643900222404,0,0
9.17,12.1119011519865,0.111894124921677,-0.819846462984593,0,0
9.18,12.1119011519865,0.19066293693981,-0.818333677675286,0,0
9.19,12.1119011519865,0.111894124921677,-0.816820892365978,0,0
9.2,12.1119011519865,0.19066293693981,-0.815308107056671,0,0
9.21,12.0797171808121,-0.152406677359627,-0.81511682575877,0,0
9.22,12.0797171808121,0.19066293693981,-0.814925544460869,0,0
9.23,12.0260772288547,0.19066293693981,-0.813018915091471,0,0
9.24,11.9938932576802,0.0245818027557917,-0.811942691392993,0,0
9.25,11.9617092865058,-0.152406677359627,-0.812581815766012,0,0
9.26,11.9617092865058,0.0245818027557917,-0.813220940139031,0,0
9.27,11.9617092865058,0.0245818027557917,-0.812975122111473,0,0
9.28,11.9402533057228,0.19066293693981,-0.811898898412995,0,0
9.29,11.9938932576802,0.0245818027557917,-0.810822674714517,0,0
9.3,11.9938932576802,-0.152406677359627,-0.811461799087536,0,0
9.31,12.0797171808121,-0.152406677359627,-0.812985865861133,0,0
9.32,12.1119011519865,-0.152406677359627,-0.814509932634729,0,0
9.33,12.1119011519865,0.111894124921677,-0.814712495396919,0,0
9.34,12.144085123161,0.111894124921677,-0.813593554147702,0,0
9.35,12.1119011519865,0.111894124921677,-0.812474612898485,0,0
9.36,12.1119011519865,0.111894124921677,-0.811355671649269,0,0
9.37,12.144085123161,0.111894124921677,-0.810236730400052,0,0
9.38,12.1119011519865,-0.152406677359627,-0.810439293162242,0,0
9.39,12.144085123161,-0.152406677359627,-0.811963359935838,0,0
9.4,12.1977250751184,0.111894124921677,-0.812165922698028,0,0
9.41,12.2299090462929,0.111894124921677,-0.811046981448811,0,0
9.42,12.2299090462929,0.111894124921677,-0.809928040199594,0,0
9.43,12.2299090462929,-0.152406677359627,-0.810130602961784,0,0
9.44,12.2299090462929,-0.242849512660806,-0.812106883911886,0,0
9.45,12.2513650270759,0.111894124921677,-0.812761660850582,0,0
9.46,12.2513650270759,-0.242849512660806,-0.813416437789277,0,0
9.47,12.3157329694248,0.0245818027557917,-0.814507776338802,0,0
9.48,12.2835489982503,0.0245818027557917,-0.814261958311244,0,0
9.49,12.3157329694248,0.0245818027557917,-0.814016140283687,0,0
9.5,12.2835489982503,0.268515262170148,-0.812550654959057,0,0
9.51,12.2835489982503,0.19066293693981,-0.810254763963507,0,0
9.52,12.2835489982503,0.19066293693981,-0.808348134594109,0,0
9.53,12.2513650270759,0.0245818027557917,-0.807271910895631,0,0
9.54,12.2835489982503,0.0245818027557917,-0.807026092868073,0,0
9.55,12.3157329694248,0.0245818027557917,-0.806780274840515,0,0
9.56,12.2835489982503,0.111894124921677,-0.806097895202128,0,0
9.57,12.3157329694248,0.0245818027557917,-0.80541551556374,0,0
9.58,12.2835489982503,0.0245818027557917,-0.805169697536182,0,0
9.59,12.2513650270759,0.0245818027557917,-0.804923879508624,0,0
9.6,12.2299090462929,0.19066293693981,-0.803847655810146,0,0
9.61,12.2513650270759,0.0245818027557917,-0.802771432111668,0,0
9.62,12.2513650270759,0.0245818027557917,-0.80252561408411,0,0
9.63,12.2513650270759,0.0245818027557917,-0.802279796056552,0,0
9.64,12.2513650270759,-0.187466864989695,-0.803094221367722,0,0
9.65,12.2835489982503,0.19066293693981,-0.803078241007971,0,0
9.66,12.2513650270759,0.19066293693981,-0.801171611638573,0,0
9.67,12.2299090462929,-0.187466864989695,-0.801155631278822,0,0
9.68,12.2299090462929,-0.187466864989695,-0.803030299928719,0,0
9.69,12.2299090462929,0.0245818027557917,-0.803844725239889,0,0
9.7,12.165541103944,-0.242849512660806,-0.804936063789414,0,0
9.71,12.1977250751184,-0.187466864989695,-0.807087645677666,0,0
9.72,12.165541103944,-0.242849512660806,-0.809239227565919,0,0
9.73,12.144085123161,-0.242849512660806,-0.811667722692527,0,0
9.74,12.165541103944,-0.152406677359627,-0.813644003642629,0,0
9.75,12.144085123161,-0.242849512660806,-0.815620284592731,0,0
9.76,12.165541103944,-0.152406677359627,-0.817596565542833,0,0
9.77,12.1977250751184,-0.242849512660806,-0.819572846492936,0,0
9.78,12.144085123161,-0.242849512660806,-0.822001341619544,0,0
9.79,12.1977250751184,0.111894124921677,-0.822656118558239,0,0
9.8,12.165541103944,0.111894124921677,-0.821537177309023,0,0
9.81,12.165541103944,0.19066293693981,-0.820024391999715,0,0
9.82,12.144085123161,0.19066293693981,-0.818117762630317,0,0
9.83,12.165541103944,0.0245818027557917,-0.817041538931839,0,0
9.84,12.165541103944,0.111894124921677,-0.816359159293452,0,0
9.85,12.1977250751184,0.111894124921677,-0.815240218044235,0,0
9.86,12.2299090462929,-0.152406677359627,-0.815442780806425,0,0
9.87,12.2299090462929,0.0245818027557917,-0.816081905179444,0,0
9.88,12.2299090462929,0.111894124921677,-0.815399525541056,0,0
9.89,12.2299090462929,-0.242849512660806,-0.816054302479752,0,0
9.9,12.1977250751184,0.0245818027557917,-0.817145641029277,0,0
9.91,12.1977250751184,0.0245818027557917,-0.816899823001719,0,0
9.92,12.1977250751184,-0.242849512660806,-0.817991161551244,0,0
9.93,12.2299090462929,-0.242849512660806,-0.820419656677852,0,0
9.94,12.2513650270759,-0.242849512660806,-0.82284815180446,0,0
9.95,12.2835489982503,-0.187466864989695,-0.824999733692713,0,0
9.96,12.2835489982503,-0.187466864989695,-0.82687440234261,0,0
9.97,12.2513650270759,-0.187466864989695,-0.828749070992507,0,0
9.98,12.2835489982503,0.0245818027557917,-0.829563496303676,0,0
9.99,12.2835489982503,-0.187466864989695,-0.830377921614846,0,0
10,12.3157329694248,0.19066293693981,-0.830361941255095,0,0
10.01,12.3157329694248,0.19066293693981,-0.828455311885697,0,0
10.02,12.3693729213822,0.19066293693981,-0.826548682516299,0,0
10.03,12.4444688541226,-0.152406677359627,-0.826357401218398,0,0
10.04,12.4659248349056,0.19066293693981,-0.826166119920497,0,0
10.05,12.4444688541226,0.19066293693981,-0.824259490551099,0,0
10.06,12.3693729213822,0.19066293693981,-0.822352861181701,0,0
10.07,12.3157329694248,0.0245818027557917,-0.821276637483223,0,0
10.08,12.2513650270759,0.268515262170148,-0.819811152158593,0,0
10.09,12.144085123161,0.111894124921677,-0.817909105223134,0,0
10.1,12.0797171808121,0.0245818027557917,-0.817226725584747,0,0
10.11,12.0260772288547,0.0245818027557917,-0.816980907557189,0,0
10.12,11.9402533057228,0.111894124921677,-0.816298527918801,0,0
10.13,11.8544293825909,0.0245818027557917,-0.815616148280414,0,0
10.14,11.7256934978931,0.19066293693981,-0.814539924581936,0,0
10.15,11.6613255555442,0.0245818027557917,-0.813463700883458,0,0
10.16,11.5325896708464,0.19066293693981,-0.81238747718498,0,0
10.17,11.3931257957571,0.19066293693981,-0.810480847815582,0,0
10.18,11.3609418245826,0.111894124921677,-0.808968062506274,0,0
10.19,11.3073018726252,0.0245818027557917,-0.808285682867887,0,0
10.2,11.3073018726252,0.19066293693981,-0.807209459169409,0,0
10.21,11.3073018726252,0.0245818027557917,-0.806133235470931,0,0
10.22,11.2429339302763,-0.152406677359627,-0.80677235984395,0,0
10.23,11.1892939783188,0.0245818027557917,-0.807411484216969,0,0
10.24,11.1356540263614,0.0245818027557917,-0.807165666189411,0,0
10.25,11.103470055187,-0.152406677359627,-0.80780479056243,0,0
10.26,11.0391021128381,0.111894124921677,-0.80800735332462,0,0
10.27,11.0176461320551,-0.152406677359627,-0.80820991608681,0,0
10.28,10.9532781897062,0.19066293693981,-0.808018634788909,0,0
10.29,10.8996382377487,0.0245818027557917,-0.806942411090431,0,0
10.3,10.8138143146169,0.111894124921677,-0.806260031452044,0,0
10.31,10.7601743626594,-0.152406677359627,-0.806462594214233,0,0
10.32,10.727990391485,-0.187466864989695,-0.80816196192598,0,0
10.33,10.6743504395276,0.0245818027557917,-0.808976387237149,0,0
10.34,10.5885265163957,-0.242849512660806,-0.810067725786674,0,0
10.35,10.5563425452212,-0.242849512660806,-0.812496220913282,0,0
10.36,10.4383346509149,-0.242849512660806,-0.81492471603989,0,0
10.37,10.3846946989575,0.0245818027557917,-0.816016054589416,0,0
10.38,10.352510727783,0.0245818027557917,-0.815770236561858,0,0
10.39,10.3203267566086,-0.242849512660806,-0.816861575111383,0,0
10.4,10.2345028334767,0.0245818027557917,-0.817952913660908,0,0
10.41,10.1808628815193,0.0245818027557917,-0.81770709563335,0,0
10.42,10.0950389583874,-0.187466864989695,-0.818521520944519,0,0
10.43,10.0092150352555,0.0245818027557917,-0.819335946255689,0,0
10.44,9.91266312173213,-0.152406677359627,-0.819975070628708,0,0
10.45,9.83756718899173,-0.242849512660806,-0.82195135157881,0,0
10.46,9.75174326585985,0.0245818027557917,-0.823042690128335,0,0
10.47,9.66591934272797,0.0245818027557917,-0.822796872100777,0,0
10.48,9.58009541959609,-0.187466864989695,-0.823611297411946,0,0
10.49,9.49427149646421,-0.242849512660806,-0.825762879300199,0,0
10.5,9.46208752528976,0.0245818027557917,-0.826854217849724,0,0
10.51,9.37626360215788,-0.187466864989695,-0.827668643160894,0,0
10.52,9.31189565980897,0.19066293693981,-0.827652662801143,0,0
10.53,9.25825570785154,0.19066293693981,-0.825746033431745,0,0
10.54,9.20461575589412,0.19066293693981,-0.823839404062347,0,0
10.55,9.12951982315372,0.268515262170148,-0.821543513066797,0,0
10.56,9.12951982315372,0.268515262170148,-0.818858360445095,0,0
10.57,9.0758798711963,0.268515262170148,-0.816173207823394,0,0
10.58,9.04369590002184,0.268515262170148,-0.813488055201693,0,0
10.59,9.01151192884739,0.0245818027557917,-0.812022569877063,0,0
10.6,8.99005594806442,0.111894124921677,-0.811340190238676,0,0
10.61,8.92568800571551,0.19066293693981,-0.809827404929368,0,0
10.62,8.89350403454105,0.19066293693981,-0.80792077555997,0,0
10.63,8.8613200633666,-0.242849512660806,-0.808181708438575,0,0
10.64,8.82913609219214,-0.187466864989695,-0.810333290326827,0,0
10.65,8.79695212101769,0.0245818027557917,-0.811147715637997,0,0
10.66,8.77549614023472,-0.242849512660806,-0.812239054187522,0,0
10.67,8.77549614023472,-0.187466864989695,-0.814390636075774,0,0
10.68,8.74331216906026,-0.152406677359627,-0.816090003787521,0,0
10.69,8.71112819788581,-0.242849512660806,-0.818066284737623,0,0
10.7,8.68967221710284,-0.187466864989695,-0.820217866625876,0,0
10.71,8.59312030357947,-0.187466864989695,-0.822092535275773,0,0
10.72,8.59312030357947,-0.187466864989695,-0.82396720392567,0,0
10.73,8.5716643227965,0.0245818027557917,-0.824781629236839,0,0
10.74,8.5716643227965,-0.152406677359627,-0.825420753609858,0,0
10.75,8.48584039966462,-0.152406677359627,-0.826944820383455,0,0
10.76,8.45365642849017,0.268515262170148,-0.826364277459402,0,0
10.77,8.36783250535829,-0.152406677359627,-0.825783734535349,0,0
10.78,8.23909662066047,0.111894124921677,-0.825986297297539,0,0
10.79,8.17472867831156,0.19066293693981,-0.824473511988232,0,0
10.8,8.08890475517968,0.111894124921677,-0.822960726678924,0,0
10.81,8.03526480322225,0.111894124921677,-0.821841785429707,0,0
10.82,8.0030808320478,0.19066293693981,-0.8203290001204,0,0
10.83,7.98162485126483,0.0245818027557917,-0.819252776421922,0,0
10.84,7.91725690891592,-0.187466864989695,-0.820067201733091,0,0
10.85,7.85288896656701,-0.307772604848743,-0.822543399082284,0,0
10.86,7.82070499539256,-0.242849512660806,-0.825296509669831,0,0
10.87,7.7885210242181,0.0245818027557917,-0.826387848219357,0,0
10.88,7.73488107226068,-0.187466864989695,-0.827202273530526,0,0
10.89,7.61687317795434,0.0245818027557917,-0.828016698841695,0,0
10.9,7.53104925482246,-0.152406677359627,-0.828655823214715,0,0
10.91,7.4344973412991,-0.187466864989695,-0.830355190926461,0,0
10.92,7.31648944699276,-0.187466864989695,-0.832229859576358,0,0
10.93,7.19848155268643,-0.187466864989695,-0.834104528226255,0,0
10.94,7.05901767759712,0.19066293693981,-0.834088547866505,0,0
10.95,6.86591385055039,0.111894124921677,-0.832575762557197,0,0
10.96,6.64062605232921,0.19066293693981,-0.83106297724789,0,0
10.97,6.42606624449951,0.0245818027557917,-0.829986753549412,0,0
10.98,6.22223442706129,0.19066293693981,-0.828910529850934,0,0
10.99,6.01840260962308,0.111894124921677,-0.827397744541626,0,0
11,5.8574827537508,-0.152406677359627,-0.827600307303816,0,0
11.01,5.58928299396368,0.268515262170148,-0.827019764379763,0,0
11.02,5.41763514769992,0.111894124921677,-0.825117717444304,0,0
11.03,5.2138033302617,0.268515262170148,-0.823215670508845,0,0
11.04,5.03142749360646,0.19066293693981,-0.820919779513295,0,0
11.05,4.82759567616824,0.19066293693981,-0.819013150143897,0,0
11.06,4.63449184912151,0.19066293693981,-0.817106520774499,0,0
11.07,4.49502797403221,0.19066293693981,-0.815199891405101,0,0
11.08,4.34483610855142,0.19066293693981,-0.813293262035703,0,0
11.09,4.20537223346211,0.0245818027557917,-0.812217038337225,0,0
11.1,4.05518036798132,0.0245818027557917,-0.811971220309667,0,0
11.11,3.79770859858569,0.268515262170148,-0.810505734985037,0,0
11.12,3.62606075232193,0.19066293693981,-0.808209843989487,0,0
11.13,3.48659687723262,0.19066293693981,-0.806303214620089,0,0
11.14,3.25058108861995,0.0245818027557917,-0.805226990921611,0,0
11.15,3.04674927118174,0.0245818027557917,-0.804981172894053,0,0
11.16,2.76782152100313,0.0245818027557917,-0.804735354866495,0,0
11.17,2.56398970356491,0.0245818027557917,-0.804489536838937,0,0
11.18,2.3601578861267,0.0245818027557917,-0.804243718811379,0,0
11.19,2.12414209751403,0.0245818027557917,-0.803997900783821,0,0
11.2,1.81303037616096,0.19066293693981,-0.802921677085343,0,0
11.21,1.57701458754829,0.0245818027557917,-0.801845453386865,0,0
11.22,1.37318277011008,-0.187466864989695,-0.802659878698035,0,0
11.23,1.20153492384632,-0.187466864989695,-0.804534547347932,0,0
11.24,0.997703106408104,0.0245818027557917,-0.805348972659101,0,0
11.25,0.901151192884739,0.19066293693981,-0.804272748960623,0,0
11.26,0.783143298578404,0.19066293693981,-0.802366119591225,0,0
11.27,0.665135404272069,0.19066293693981,-0.800459490221827,0,0
11.28,0.493487558008309,0.19066293693981,-0.798552860852429,0,0
11.29,0.32183971174455,0.19066293693981,-0.796646231483031,0,0
11.3,0.15019186548079,0.19066293693981,-0.794739602113632,0,0
11.31,-0.450575596442369,0.024581802755792,-0.793663378415154,0,0
11.32,-0.25747176939564,0.19066293693981,-0.792587154716676,0,0
11.33,-0.27892775017861,0.19066293693981,-0.790680525347278,0,0
11.34,-0.36475167331049,0.19066293693981,-0.78877389597788,0,0
11.35,-0.450575596442369,0.19066293693981,-0.786867266608482,0,0
11.36,-0.514943538791279,0.19066293693981,-0.784960637239084,0,0
11.37,-0.600767461923159,0.245325122751503,-0.782780696940627,0,0
11.38,-0.686591385055039,0.245325122751503,-0.780327445713112,0,0
11.39,-0.750959327403949,0.245325122751503,-0.777874194485597,0,0
11.4,-0.836783250535829,0.30972973113479,-0.775098920216166,0,0
11.41,-0.890423202493254,0.30972973113479,-0.772001622904818,0,0
11.42,-0.954791144842164,0.30972973113479,-0.76890432559347,0,0
11.43,-0.976247125625134,0.30972973113479,-0.765807028282122,0,0
11.44,-1.05134305836553,0.30972973113479,-0.762709730970774,0,0
11.45,-1.14789497188889,0.30972973113479,-0.759612433659426,0,0
11.46,-1.20153492384632,0.30972973113479,-0.756515136348078,0,0
11.47,-1.26590286619523,0.30972973113479,-0.753417839036731,0,0
11.48,-1.31954281815265,0.394350931500288,-0.749897435723555,0,0
11.49,-1.37318277011008,0.346070175946087,-0.746195330186323,0,0
11.5,-1.46973468363344,0.394350931500288,-0.742493224649092,0,0
11.51,-1.60919855872275,0.423491106761017,-0.738404014457785,0,0
11.52,-1.66283851068017,0.423491106761017,-0.734169103390175,0,0
11.53,-1.75939042420354,0.394350931500288,-0.730079893198868,0,0
11.54,-1.86667032811839,0.46378099141886,0,0,0
11.55,-1.89885429929284,0.46378099141886,0.0046378099141886,0,0
11.56,-2.05977415516512,0.500840192573689,0.00946091583415135,0,0
11.57,-2.08123013594809,0.524092509799345,0.0145855793460165,0,0
11.58,-2.11341410712254,0.535340068548058,0.0198827422377535,0,0
11.59,-2.32797391495224,0.500840192573689,0.0250636435433623,0,0
11.6,-2.29578994377779,0.557154421434099,0.0303536166134012,0,0
11.61,-2.44598180925858,0.557154421434099,0.0359251608277422,0,0
11.62,-2.499621761216,0.608277239546148,0.0417523191326434,0,0
11.63,-2.61762965552234,0.636984529361326,0.0479786279771808,0,0
11.64,-2.499621761216,0.664452692929647,0.0544858140886357,0,0
11.65,-2.73563754982867,0.664452692929647,0.0611303410179321,0,0
11.66,-2.85364544413501,0.682150600287053,0.0678633574840156,0,0
11.67,-2.85364544413501,0.73268384891682,0.074937529730035,0,0
11.68,-2.90728539609243,0.682150600287053,0.0820117019760544,0,0
11.69,-2.97165333844134,0.73268384891682,0.0890858742220737,0,0
11.7,-2.97165333844134,0.724506447382148,0.0963718257035686,0,0
11.71,-3.06820525196471,0.73268384891682,0.103657777185063,0,0
11.72,-2.97165333844134,0.682150600287053,0.110731949431083,0,0
11.73,-3.12184520392213,0.682150600287053,0.117553455433953,0,0
11.74,-3.12184520392213,0.682150600287053,0.124374961436824,0,0
11.75,-3.18621314627104,0.682150600287053,0.131196467439694,0,0
11.76,-3.12184520392213,0.748770781210172,0.13835107434718,0,0
11.77,-3.18621314627104,0.724506447382148,0.145717460490142,0,0
11.78,-3.08966123274768,0.724506447382148,0.152962524963964,0,0
11.79,-2.97165333844134,0.682150600287053,0.15999581020231,0,0
11.8,-3.20766912705401,0.699400816272409,0.166903567285107,0,0
11.81,-3.15402917509659,0.764519288915994,0.174223167811049,0,0
11.82,-3.18621314627104,0.748770781210172,0.18178961816168,0,0
11.83,-3.25058108861995,0.682150600287053,0.188944225069166,0,0
11.84,-3.33640501175183,0.724506447382148,0.195977510307512,0,0
11.85,-3.30422104057738,0.787551797420593,0.203537801531526,0,0
11.86,-3.42222893488371,0.787551797420593,0.211413319505732,0,0
11.87,-3.48659687723262,0.787551797420593,0.219288837479937,0,0
11.88,-3.45441290605817,0.787551797420593,0.227164355454143,0,0
11.89,-3.48659687723262,0.802539652572341,0.235114812704108,0,0
11.9,-3.69042869467084,0.787551797420593,0.243065269954073,0,0
11.91,-3.48659687723262,0.802539652572341,0.251015727204037,0,0
11.92,-3.54023682919005,0.764519288915994,0.258851021911479,0,0
11.93,-3.74406864662826,0.838838509355197,0.266867810902835,0,0
11.94,-3.74406864662826,0.802539652572341,0.275074701712473,0,0
11.95,-3.65824472349638,0.859882628777345,0.283386813119221,0,0
11.96,-3.89426051210905,0.838838509355197,0.291880418809884,0,0
11.97,-3.82989256976014,0.893855853087819,0.300543890622099,0,0
11.98,-3.94790046406647,0.87363046856412,0.309381322230359,0,0
11.99,-3.94790046406647,0.89385585308782,0.318218753838618,0,0
12,-4.13027630072172,0.89385585308782,0.327157312369497,0,0
12.01,-4.04445237758984,0.89385585308782,0.336095870900375,0,0
12.02,-4.16246027189617,0.926584284847131,0.34519807159005,0,0
12.03,-4.24828419502805,0.926584284847131,0.354463914438521,0,0
12.04,-4.30192414698548,0.907088940749406,0.363632280566503,0,0
12.05,-4.16246027189617,0.913633611791479,0.372735893329208,0,0
12.06,-4.28046816620251,0.958195485144855,0.38209503881389,0,0
12.07,-4.16246027189617,0.945677813751311,0.39161440530837,0,0
12.08,-4.46284400285775,0.958195485144855,0.401133771802851,0,0
12.09,-4.37702007972587,0.913633611791479,0.410492917287533,0,0
12.1,-4.30192414698548,0.939356427165001,0.419757867482315,0,0
12.11,-4.30192414698548,0.926584284847131,0.429087571042376,0,0
12.12,-4.24828419502805,0.939356427165001,0.438417274602437,0,0
12.13,-4.37702007972587,0.976671223210643,0.447997412854315,0,0
12.14,-4.46284400285775,0.958195485144855,0.457671746396092,0,0
12.15,-4.54866792598963,0.926584284847131,0.467095645246052,0,0
12.16,-4.30192414698548,0.945677813751311,0.476456955739044,0,0
12.17,-4.61303586833854,0.958195485144855,0.485976322233525,0,0
12.18,-4.49502797403221,0.970551723548267,0.495620058276991,0,0
12.19,-4.37702007972587,0.976671223210643,0.505356173010786,0,0
12.2,-4.49502797403221,0.913633611791479,0.514807697185796,0,0
12.21,-4.24828419502805,0.926584284847131,0.524008786668989,0,0
12.22,-4.30192414698548,0.926584284847131,0.533274629517461,0,0
12.23,-4.58085189716409,0.939356427165001,0.542604333077521,0,0
12.24,-4.34483610855142,0.880423889821731,0.551703234662455,0,0
12.25,-4.46284400285775,0.945677813751311,0.56083374318032,0,0
12.26,-4.58085189716409,0.958195485144855,0.570353109674801,0,0
12.27,-4.46284400285775,0.988796611330308,0.580088070157177,0,0
12.28,-4.40920405090033,0.89385585308782,0.589501332479267,0,0
12.29,-4.34483610855142,0.926584284847131,0.598603533168942,0,0
12.3,-4.61303586833854,0.976671223210643,0.608119810709231,0,0
12.31,-4.51648395481518,0.907088940749406,0.617538611529031,0,0
12.32,-4.49502797403221,0.976671223210643,0.626957412348831,0,0
12.33,-4.7846837146023,0.976671223210643,0.636724124580938,0,0
12.34,-4.69885979147042,0.988796611330308,0.646551463753643,0,0
12.35,-4.75249974342785,0.976671223210643,0.656378802926347,0,0
12.36,-4.51648395481518,0.994803884563969,0.66623617846522,0,0
12.37,-4.63449184912151,1.00671089647132,0.676243752370397,0,0
12.38,-4.61303586833854,0.976671223210643,0.686160662968807,0,0
12.39,-4.63449184912151,0.99480388456397,0.69601803850768,0,0
12.4,-4.51648395481518,0.970551723548267,0.705844816548241,0,0
12.41,-4.63449184912151,0.970551723548267,0.715550333783724,0,0
12.42,-4.61303586833854,1.03587980958237,0.725582491449377,0,0
12.43,-4.58085189716409,0.994803884563969,0.735735909920109,0,0
12.44,-4.54866792598963,1.03587980958237,0.74588932839084,0,0
12.45,-4.63449184912151,0.976671223210643,0.755952083554805,0,0
12.46,-4.51648395481518,0.913633611791479,0.765403607729816,0,0
12.47,-4.40920405090033,0.970551723548267,0.774824534406515,0,0
12.48,-4.40920405090033,0.988796611330308,0.784621276080907,0,0
12.49,-4.37702007972587,1.03587980958237,0.794744658185471,0,0
12.5,-4.58085189716409,0.958195485144855,0.804715034659107,0,0
12.51,-4.66667582029597,1.03587980958237,0.814685411132743,0,0
12.52,-4.75249974342785,0.926584284847131,0.824497731604891,0,0
12.53,-4.66667582029597,0.994803884563969,0.834104672451946,0,0
12.54,-4.66667582029597,0.988796611330308,0.844022674931417,0,0
12.55,-4.90269160890864,0.988796611330308,0.853910641044721,0,0
12.56,-4.51648395481518,1.03587980958237,0.864034023149284,0,0
12.57,-4.7846837146023,1.00671089647132,0.874246976679552,0,0
12.58,-4.72031577225339,1.00671089647132,0.884314085644266,0,0
12.59,-4.90269160890864,0.988796611330308,0.894291623183274,0,0
12.6,-5.08506744556388,0.926584284847131,0.903868527664161,0,0
12.61,-5.20307533987022,0.988796611330308,0.913445432145048,0,0
12.62,-5.05288347438943,1.02431192493785,0.923510974826389,0,0
12.63,-5.17089136869576,1.02431192493785,0.933754094075767,0,0
12.64,-5.05288347438943,1.09188244859648,0.944335065943439,0,0
12.65,-5.34253921495952,1.03587980958237,0.954973877234333,0,0
12.66,-5.05288347438943,1.10813147778087,0.965693933671149,0,0
12.67,-5.20307533987022,1.05299338573241,0.976499557988716,0,0
12.68,-5.22453132065319,1.05299338573241,0.98702949184604,0,0
12.69,-5.37472318613398,1.08091406745518,0.997699029111978,0,0
12.7,-5.2888992630021,1.12414565895377,1.00872432774402,0,0
12.71,-5.34253921495952,1.06983323975841,1.01969422223758,0,0
12.72,-5.08506744556388,1.05299338573241,1.03030835536504,0,0
12.73,-5.34253921495952,1.09732552677786,1.04105994992759,0,0
12.74,-5.11725141673834,1.10813147778087,1.05208723495038,0,0
12.75,-5.37472318613398,1.09732552677786,1.06311451997318,0,0
12.76,-5.17089136869576,1.0473199321272,1.0738377472677,0,0
12.77,-5.20307533987022,1.06424956223938,1.08439559473953,0,0
12.78,-5.34253921495952,1.09732552677786,1.09520347018462,0,0
12.79,-5.4283631380914,1.10813147778087,1.10623075520741,0,0
12.8,-5.17089136869576,1.12414565895377,1.11739214089109,0,0
12.81,-5.2888992630021,1.05299338573241,1.12827783611452,0,0
12.82,-5.34253921495952,1.10813147778087,1.13908346043208,0,0
12.83,-5.4283631380914,1.11883306725327,1.15021828315726,0,0
12.84,-5.17089136869576,1.05299338573241,1.16107741542218,0,0
12.85,-5.37472318613398,1.05299338573241,1.17160734927951,0,0
12.86,-5.2888992630021,1.09732552677786,1.18235894384206,0,0
12.87,-4.96705955125755,1.0473199321272,1.19308217113658,0,0
12.88,-4.96705955125755,1.05299338573241,1.20358373772588,0,0
12.89,-5.20307533987022,1.05299338573241,1.21411367158321,0,0
12.9,-5.05288347438943,1.08091406745518,1.22478320884914,0,0
12.91,-4.90269160890864,0.994803884563969,1.23516179860924,0,0
12.92,-4.96705955125755,1.00671089647132,1.24516937251442,0,0
12.93,-5.11725141673834,1.06983323975841,1.25555209319557,0,0
12.94,-5.05288347438943,1.06424956223938,1.26622250720555,0,0
12.95,-4.999243522432,1.05299338573241,1.27680872194541,0,0
12.96,-5.17089136869576,1.08091406745518,1.28747825921135,0,0
12.97,-5.2888992630021,1.10813147778087,1.29842348693753,0,0
12.98,-5.17089136869576,1.09732552677786,1.30945077196033,0,0
12.99,-5.20307533987022,1.08091406745518,1.32034196993149,0,0
13,-5.08506744556388,1.08091406745518,1.33115111060604,0,0
13.01,-5.34253921495952,1.10813147778087,1.34209633833222,0,0
13.02,-5.11725141673834,1.09188244859648,1.35309640796411,0,0
13.03,-5.2888992630021,1.05299338573241,1.36382078713575,0,0
13.04,-5.22453132065319,1.05299338573241,1.37435072099308,0,0
13.05,-5.34253921495952,1.10813147778087,1.38515634531065,0,0
13.06,-5.47127509965734,1.13993488982503,1.39639667714867,0,0
13.07,-5.37472318613398,1.13993488982503,1.40779602604692,0,0
13.08,-5.17089136869576,1.12414565895377,1.41911642879082,0,0
13.09,-5.22453132065319,1.1503406510121,1.43048886034065,0,0
13.1,-5.22453132065319,1.1503406510121,1.44199226685077,0,0
13.11,-5.25671529182764,1.08091406745518,1.45314854044311,0,0
13.12,-4.96705955125755,1.1503406510121,1.46430481403544,0,0
13.13,-5.11725141673834,1.10813147778087,1.47559717467941,0,0
13.14,-4.90269160890864,1.08091406745518,1.48654240240559,0,0
13.15,-5.37472318613398,1.00671089647132,1.49698052722522,0,0
13.16,-4.96705955125755,1.02431192493785,1.50713564133227,0,0
13.17,-4.7846837146023,1.02431192493785,1.51737876058164,0,0
13.18,-4.96705955125755,1.00671089647132,1.52753387468869,0,0
13.19,-4.96705955125755,0.988796611330308,1.5375114122277,0,0
13.2,-4.7846837146023,0.988796611330308,1.547399378341,0,0
13.21,-4.72031577225339,1.04161557691198,1.55755143928221,0,0
13.22,-4.81686768577676,1.00671089647132,1.56779307164913,0,0
13.23,-4.63449184912151,1.02431192493785,1.57794818575617,0,0
13.24,-4.58085189716409,1.03587980958237,1.58824914442878,0,0
13.25,-4.51648395481518,1.01847871328006,1.59852093704309,0,0
13.26,-4.46284400285775,1.00671089647132,1.60864688509184,0,0
13.27,-4.49502797403221,1.01847871328006,1.6187728331406,0,0
13.28,-4.63449184912151,1.00671089647132,1.62889878118936,0,0
13.29,-4.63449184912151,1.02431192493785,1.6390538952964,0,0
13.3,-4.66667582029597,0.958195485144855,1.64896643234682,0,0
13.31,-4.7846837146023,0.988796611330308,1.65870139282919,0,0
13.32,-4.81686768577676,0.988796611330308,1.6685893589425,0,0
13.33,-4.87050763773418,0.988796611330308,1.6784773250558,0,0
13.34,-4.69885979147042,0.988796611330308,1.6883652911691,0,0
13.35,-4.81686768577676,0.939356427165001,1.69800605636158,0,0
13.36,-4.4306600316833,1.03587980958237,1.70788223754532,0,0
13.37,-4.66667582029597,0.970551723548267,1.71791439521097,0,0
13.38,-4.75249974342785,1.00671089647132,1.72780070831107,0,0
13.39,-4.54866792598963,0.994803884563969,1.73780828221624,0,0
13.4,-4.7846837146023,1.00671089647132,1.74781585612142,0,0
13.41,-4.81686768577676,0.958195485144855,1.7576403880295,0,0
13.42,-4.81686768577676,1.08091406745518,1.7678359357925,0,0
13.43,-4.81686768577676,1.04161557691198,1.77844858401434,0,0
13.44,-4.90269160890864,1.08091406745518,1.78906123223617,0,0
13.45,-5.08506744556388,0.976671223210643,1.7993491586895,0,0
13.46,-4.90269160890864,1.06424956223938,1.80955376261675,0,0
13.47,-5.11725141673834,0.988796611330308,1.8198189934846,0,0
13.48,-5.08506744556388,1.02431192493785,1.82988453616594,0,0
13.49,-4.7846837146023,0.958195485144855,1.83979707321636,0,0
13.5,-4.83832366655973,0.958195485144855,1.8493790280678,0,0
13.51,-4.72031577225339,1.00671089647132,1.85920355997589,0,0
13.52,-4.49502797403221,0.958195485144855,1.86902809188397,0,0
13.53,-4.4306600316833,0.958195485144855,1.87861004673541,0,0
13.54,-4.2161002238536,0.976671223210643,1.88828438027719,0,0
13.55,-4.16246027189617,0.926584284847131,1.89780065781748,0,0
13.56,-4.24828419502805,0.926584284847131,1.90706650066595,0,0
13.57,-4.16246027189617,0.958195485144855,1.91649039951591,0,0
13.58,-4.24828419502805,0.926584284847131,1.92591429836587,0,0
13.59,-3.89426051210905,0.945677813751311,1.93527560885886,0,0
13.6,-4.04445237758984,0.907088940749406,1.94453944263137,0,0
13.61,-4.10882031993875,0.907088940749406,1.95361033203886,0,0
13.62,-3.99081242563241,0.859882628777345,1.9624451898865,0,0
13.63,-3.94790046406647,0.945677813751311,1.97147299209914,0,0
13.64,-4.07663634876429,0.926584284847131,1.98083430259213,0,0
13.65,-3.79770859858569,0.859882628777345,1.98976663716025,0,0
13.66,-3.77625261780272,0.89385585308782,1.99853532956958,0,0
13.67,-4.04445237758984,0.87363046856412,2.00737276117784,0,0
13.68,-3.89426051210905,0.838838509355197,2.01593510606744,0,0
13.69,-3.86207654093459,0.893855853087819,2.02459857787965,0,0
13.7,-3.82989256976014,0.87363046856412,2.03343600948791,0,0
13.71,-3.94790046406647,0.945677813751311,2.04253255089949,0,0
13.72,-3.74406864662826,0.859882628777345,2.05156035311213,0,0
13.73,-3.5724208003645,0.87363046856412,2.06022791859884,0,0
13.74,-3.50805285801559,0.824510754597369,2.06871862471465,0,0
13.75,-3.50805285801559,0.787551797420593,2.07677893747474,0,0
13.76,-3.36858898292629,0.824510754597369,2.08483925023482,0,0
13.77,-3.08966123274768,0.772273120916351,2.09282316961239,0,0
13.78,-3.08966123274768,0.740770985277385,2.10038839014336,0,0
13.79,-2.70345357865422,0.724506447382148,2.10771477730666,0,0
13.8,-2.73563754982867,0.748770781210172,2.11508116344962,0,0
13.81,-2.47816578043303,0.682150600287053,2.12223577035711,0,0
13.82,-2.41379783808412,0.664452692929647,2.12896878682319,0,0
13.83,-2.18851003986294,0.578146270120367,2.13518178163844,0,0
13.84,-1.89885429929284,0.578146270120367,2.14096324433965,0,0
13.85,-1.86667032811839,0.557154421434099,2.14663974779742,0,0
13.86,-1.66283851068017,0.500840192573689,2.15192972086746,0,0
13.87,-1.43755071245899,0.46378099141886,2.15675282678742,0,0
13.88,-1.16935095267186,0.394350931500288,2.16104348640202,0,0
13.89,-0.836783250535829,0.30972973113479,2.16456388971519,0,0
13.9,-0.632951433097614,0.245325122751503,2.16733916398462,0,0
13.91,-0.450575596442369,0.245325122751503,2.16979241521214,0,0
13.92,-0.311111721353065,0.19066293693981,2.17197235551059,0,0
13.93,-0.19310382704673,0.19066293693981,2.17387898487999,0,0
13.94,-0.10727990391485,0.0245818027557917,2.17495520857847,0,0
13.95,-0.0429119615659399,0.0245818027557917,2.17520102660603,0,0
13.96,0,0.0245818027557917,2.17544684463358,0,0
13.97,0.15019186548079,0.0245818027557917,2.17569266266114,0,0
13.98,0.0858239231318799,0.024581802755792,2.1759384806887,0,0
13.99,0.203831817438215,-0.187466864989695,2.17512405537753,0,0
14,0.354023682919005,0.111894124921677,2.17474619167719,0,0
14.01,0.493487558008309,-0.242849512660806,2.17409141473849,0,0
14.02,0.611495452314644,0.111894124921677,2.1734366377998,0,0
14.03,0.783143298578404,0.111894124921677,2.17455557904902,0,0
14.04,0.933335164059194,-0.152406677359627,2.17435301628683,0,0
14.05,1.08352702953998,0.111894124921677,2.17415045352464,0,0
14.06,1.26590286619523,-0.152406677359627,2.17394789076245,0,0
14.07,1.43755071245899,-0.152406677359627,2.17242382398885,0,0
14.08,1.55555860676532,-0.242849512660806,2.17044754303875,0,0
14.09,1.69502248185463,-0.152406677359627,2.16847126208865,0,0
14.1,1.81303037616096,-0.242849512660806,2.16649498113854,0,0
14.11,2.0705021455566,-0.216932836689902,2.16419606939179,0,0
14.12,2.38161386690967,-0.242849512660806,2.16189715764504,0,0
14.13,2.7892775017861,0.19066293693981,2.16163622476643,0,0
14.14,3.10038922313916,0.0245818027557917,2.16271244846491,0,0
14.15,3.25058108861995,0.19066293693981,2.16378867216339,0,0
14.16,3.45441290605817,0.0245818027557917,2.16486489586187,0,0
14.17,3.62606075232193,0.19066293693981,2.16594111956034,0,0
14.18,3.87280453132608,-0.152406677359627,2.16613240085824,0,0
14.19,4.1410042911132,0.19066293693981,2.16632368215615,0,0
14.2,4.37702007972587,0.0245818027557917,2.16739990585462,0,0
14.21,4.58085189716409,0.111894124921677,2.16808228549301,0,0
14.22,4.75249974342785,0.111894124921677,2.16920122674223,0,0
14.23,5.00997151282349,0.0245818027557917,2.16988360638062,0,0
14.24,5.14943538791279,0.19066293693981,2.17095983007909,0,0
14.25,5.33181122456804,0.111894124921677,2.1724726153884,0,0
14.26,5.5034590708318,0.0245818027557917,2.17315499502679,0,0
14.27,5.7180188786615,0.19066293693981,2.17423121872527,0,0
14.28,5.9325786864912,0.0245818027557917,2.17530744242374,0,0
14.29,6.0720425615805,0.0245818027557917,2.1755532604513,0,0
14.3,6.24369040784426,0.111894124921677,2.17623564008969,0,0
14.31,6.39388227332505,-0.152406677359627,2.1760330773275,0,0
14.32,6.60844208115475,0.19066293693981,2.1762243586254,0,0
14.33,6.72644997546109,-0.152406677359627,2.1764156399233,0,0
14.34,6.94100978329079,-0.187466864989695,2.17471627221155,0,0
14.35,7.11265762955455,0.111894124921677,2.17433840851121,0,0
14.36,7.28430547581831,-0.152406677359627,2.17413584574902,0,0
14.37,7.4344973412991,-0.152406677359627,2.17261177897543,0,0
14.38,7.67051312991177,0.0245818027557917,2.17197265460241,0,0
14.39,7.91725690891592,0.0245818027557917,2.17221847262997,0,0
14.4,8.12108872635413,0.19066293693981,2.17329469632844,0,0
14.41,8.29273657261789,0.0245818027557917,2.17437092002692,0,0
14.42,8.42147245731571,0.111894124921677,2.17505329966531,0,0
14.43,8.5716643227965,-0.152406677359627,2.17485073690312,0,0
14.44,8.74331216906026,0.0245818027557917,2.1742116125301,0,0
14.45,8.8613200633666,0.0245818027557917,2.17445743055766,0,0
14.46,8.99005594806442,0.111894124921677,2.17513981019605,0,0
14.47,9.0758798711963,0.111894124921677,2.17625875144526,0,0
14.48,9.20461575589412,0.111894124921677,2.17737769269448,0,0
14.49,9.34407963098342,-0.152406677359627,2.17717512993229,0,0
14.5,9.37626360215788,0.111894124921677,2.1769725671701,0,0
14.51,9.51572747724718,-0.152406677359627,2.17677000440791,0,0
14.52,9.63373537155352,0.111894124921677,2.17656744164572,0,0
14.53,9.75174326585985,-0.152406677359627,2.17636487888353,0,0
14.54,9.83756718899173,0.111894124921677,2.17616231612134,0,0
14.55,9.91266312173213,-0.152406677359627,2.17595975335915,0,0
14.56,10.0306710160385,0.0245818027557917,2.17532062898613,0,0
14.57,10.0950389583874,0.111894124921677,2.17600300862452,0,0
14.58,10.1164949391703,0.19066293693981,2.17751579393383,0,0
14.59,10.1808628815193,-0.242849512660806,2.17725486105522,0,0
14.6,10.2345028334767,0.111894124921677,2.17660008411653,0,0
14.61,10.2988707758256,-0.152406677359627,2.17639752135434,0,0
14.62,10.3846946989575,0.111894124921677,2.17619495859215,0,0
14.63,10.4383346509149,0.19066293693981,2.17770774390146,0,0
14.64,10.6207104875701,0.111894124921677,2.17922052921076,0,0
14.65,10.6743504395276,0.111894124921677,2.18033947045998,0,0
14.66,10.8138143146169,-0.152406677359627,2.18013690769779,0,0
14.67,10.9532781897062,-0.152406677359627,2.17861284092419,0,0
14.68,11.0712860840125,0.111894124921677,2.178410278162,0,0
14.69,11.1892939783188,0.111894124921677,2.17952921941122,0,0
14.7,11.3073018726252,-0.152406677359627,2.17932665664903,0,0
14.71,11.4789497188889,0.111894124921677,2.17912409388684,0,0
14.72,11.6291415843697,0.111894124921677,2.18024303513606,0,0
14.73,11.7793334498505,-0.152406677359627,2.18004047237387,0,0
14.74,11.9080693345483,0.111894124921677,2.17983790961168,0,0
14.75,12.0475332096376,-0.152406677359627,2.17963534684949,0,0
14.76,12.1119011519865,-0.152406677359627,2.17811128007589,0,0
14.77,12.2513650270759,-0.152406677359627,2.1765872133023,0,0
14.78,12.3157329694248,-0.152406677359627,2.1750631465287,0,0
14.79,12.4015568925566,0.111894124921677,2.17486058376651,0,0
14.8,12.5302927772545,-0.242849512660806,2.17420580682782,0,0
14.81,12.6483006715608,0.0245818027557917,2.17311446827829,0,0
14.82,12.7019406235182,0.19066293693981,2.17419069197677,0,0
14.83,12.7877645466501,-0.152406677359627,2.17438197327467,0,0
14.84,12.8628604793905,0.111894124921677,2.17417941051248,0,0
14.85,12.9165004313479,0.19066293693981,2.17569219582179,0,0
14.86,12.9486844025224,-0.152406677359627,2.17588347711969,0,0
14.87,12.9486844025224,0.0245818027557917,2.17524435274667,0,0
14.88,12.9701403833053,0.111894124921677,2.17592673238506,0,0
14.89,13.0023243544798,0.111894124921677,2.17704567363427,0,0
14.9,12.9701403833053,-0.152406677359627,2.17684311087208,0,0
14.91,13.0023243544798,-0.152406677359627,2.17531904409849,0,0
14.92,13.0345083256543,-0.187466864989695,2.17361967638674,0,0
14.93,13.0666922968287,-0.307772604848743,2.17114347903755,0,0
14.94,13.0666922968287,-0.242849512660806,2.16839036845,0,0
14.95,13.1203322487861,-0.187466864989695,2.16623878656175,0,0
14.96,13.1203322487861,0.0245818027557917,2.16542436125058,0,0
14.97,13.1525162199606,-0.242849512660806,2.16433302270105,0,0
14.98,13.1739722007436,-0.152406677359627,2.16235674175095,0,0
14.99,13.2168841623095,-0.187466864989695,2.1606573740392,0,0
15,13.2168841623095,-0.307772604848743,2.15818117669001,0,0
15.01,13.2168841623095,-0.242849512660806,2.15542806610246,0,0
15.02,13.249068133484,-0.242849512660806,2.15299957097586,0,0
15.03,13.2812521046584,0.19066293693981,2.15273863809725,0,0
15.04,13.2812521046584,-0.152406677359627,2.15292991939515,0,0
15.05,13.3027080854414,0.19066293693981,2.15312120069305,0,0
15.06,13.3027080854414,0.19066293693981,2.15502783006245,0,0
15.07,13.3027080854414,0.0245818027557917,2.15610405376093,0,0
15.08,13.3027080854414,-0.152406677359627,2.15546492938791,0,0
15.09,13.3348920566158,0.111894124921677,2.15526236662572,0,0
15.1,13.3885320085733,-0.152406677359627,2.15505980386353,0,0
15.11,13.3670760277903,0.0245818027557917,2.15442067949051,0,0
15.12,13.4207159797477,0.19066293693981,2.15549690318899,0,0
15.13,13.4528999509222,0.111894124921677,2.1570096884983,0,0
15.14,13.4743559317051,0.111894124921677,2.15812862974751,0,0
15.15,13.5065399028796,-0.152406677359627,2.15792606698532,0,0
15.16,13.5387238740541,-0.152406677359627,2.15640200021173,0,0
15.17,13.5709078452285,-0.152406677359627,2.15487793343813,0,0
15.18,13.5923638260115,0.111894124921677,2.15467537067594,0,0
15.19,13.6245477971859,0.111894124921677,2.15579431192516,0,0
15.2,13.6567317683604,0.111894124921677,2.15691325317438,0,0
15.21,13.6567317683604,0.111894124921677,2.15803219442359,0,0
15.22,13.6781877491434,0.111894124921677,2.15915113567281,0,0
15.23,13.7103717203178,0.111894124921677,2.16027007692203,0,0
15.24,13.6567317683604,-0.152406677359627,2.16006751415984,0,0
15.25,13.6567317683604,0.111894124921677,2.15986495139765,0,0
15.26,13.6567317683604,0.19066293693981,2.16137773670695,0,0
15.27,13.6245477971859,0.19066293693981,2.16328436607635,0,0
15.28,13.5923638260115,0.111894124921677,2.16479715138566,0,0
15.29,13.5709078452285,0.19066293693981,2.16630993669497,0,0
15.3,13.5065399028796,0.19066293693981,2.16821656606436,0,0
15.31,13.4743559317051,-0.152406677359627,2.16840784736227,0,0
15.32,13.4207159797477,0.0245818027557917,2.16776872298925,0,0
15.33,13.3027080854414,0.19066293693981,2.16884494668772,0,0
15.34,13.249068133484,0.19066293693981,2.17075157605712,0,0
15.35,13.1739722007436,0.0245818027557917,2.1718277997556,0,0
15.36,13.1203322487861,-0.187466864989695,2.17101337444443,0,0
15.37,13.0023243544798,-0.187466864989695,2.16913870579453,0,0
15.38,12.9486844025224,-0.242849512660806,2.16698712390628,0,0
15.39,12.8199485178246,-0.242849512660806,2.16455862877967,0,0
15.4,12.7877645466501,-0.242849512660806,2.16213013365306,0,0
15.41,12.6697566523438,-0.152406677359627,2.16015385270296,0,0
15.42,12.6483006715608,-0.242849512660806,2.15817757175286,0,0
15.43,12.6161167003863,-0.187466864989695,2.15602598986461,0,0
15.44,12.5624767484289,-0.187466864989695,2.15415132121471,0,0
15.45,12.49810880608,0.0245818027557917,2.15333689590354,0,0
15.46,12.4015568925566,-0.187466864989695,2.15252247059237,0,0
15.47,12.3479169405992,-0.242849512660806,2.15037088870412,0,0
15.48,12.3157329694248,-0.152406677359627,2.14839460775402,0,0
15.49,12.2299090462929,-0.187466864989695,2.14669524004227,0,0
15.5,12.165541103944,-0.152406677359627,2.14499587233052,0,0
15.51,12.0475332096376,-0.187466864989695,2.14329650461878,0,0
15.52,12.0260772288547,-0.242849512660806,2.14114492273052,0,0
15.53,11.9402533057228,-0.187466864989695,2.13899334084227,0,0
15.54,11.8544293825909,-0.187466864989695,2.13711867219237,0,0
15.55,11.7793334498505,-0.152406677359627,2.13541930448063,0,0
15.56,11.7256934978931,-0.152406677359627,2.13389523770703,0,0
15.57,11.6935095267186,-0.152406677359627,2.13237117093343,0,0
15.58,11.6291415843697,0.111894124921677,2.13216860817124,0,0
15.59,11.6613255555442,0.0245818027557917,2.13285098780963,0,0
15.6,11.5969576131953,-0.152406677359627,2.13221186343661,0,0
15.61,11.5647736420208,0.111894124921677,2.13200930067442,0,0
15.62,11.5111336900634,-0.152406677359627,2.13180673791223,0,0
15.63,11.4467657477145,-0.152406677359627,2.13028267113864,0,0
15.64,11.4253097669315,-0.152406677359627,2.12875860436504,0,0
15.65,11.3931257957571,-0.152406677359627,2.12723453759144,0,0
15.66,11.3394858437996,0.19066293693981,2.12742581888935,0,0
15.67,11.2751179014507,0.19066293693981,2.12933244825874,0,0
15.68,11.2214779494933,0.19066293693981,2.13123907762814,0,0
15.69,11.2214779494933,0.111894124921677,2.13275186293745,0,0
15.7,11.2429339302763,0.19066293693981,2.13426464824676,0,0
15.71,11.2214779494933,0.111894124921677,2.13577743355606,0,0
15.72,11.2214779494933,-0.152406677359627,2.13557487079387,0,0
15.73,11.2429339302763,0.111894124921677,2.13537230803168,0,0
15.74,11.2429339302763,-0.152406677359627,2.13516974526949,0,0
15.75,11.2429339302763,0.111894124921677,2.13496718250731,0,0
15.76,11.2429339302763,-0.152406677359627,2.13476461974512,0,0
15.77,11.2429339302763,0.19066293693981,2.13495590104302,0,0
15.78,11.2429339302763,0.111894124921677,2.13646868635232,0,0
15.79,11.1892939783188,0.19066293693981,2.13798147166163,0,0
15.8,11.1356540263614,0.111894124921677,2.13949425697094,0,0
15.81,11.103470055187,0.19066293693981,2.14100704228025,0,0
15.82,11.0712860840125,0.19066293693981,2.14291367164964,0,0
15.83,11.0176461320551,0.19066293693981,2.14482030101904,0,0
15.84,10.9532781897062,0.19066293693981,2.14672693038844,0,0
15.85,10.8996382377487,0.111894124921677,2.14823971569775,0,0
15.86,10.8674542665743,-0.152406677359627,2.14803715293556,0,0
15.87,10.7923583338339,0.111894124921677,2.14783459017337,0,0
15.88,10.7601743626594,0.19066293693981,2.14934737548268,0,0
15.89,10.706534410702,0.19066293693981,2.15125400485207,0,0
15.9,10.5885265163957,-0.152406677359627,2.15144528614997,0,0
15.91,10.5563425452212,0.0245818027557917,2.15080616177696,0,0
15.92,10.4705186220893,-0.152406677359627,2.15016703740394,0,0
15.93,10.3846946989575,0.0245818027557917,2.14952791303092,0,0
15.94,10.3846946989575,0.268515262170148,2.15099339835555,0,0
15.95,10.3203267566086,-0.152406677359627,2.1515739412796,0,0
15.96,10.3203267566086,0.0245818027557917,2.15093481690658,0,0
15.97,10.2988707758256,-0.152406677359627,2.15029569253356,0,0
15.98,10.2988707758256,-0.152406677359627,2.14877162575997,0,0
15.99,10.2666868046511,-0.152406677359627,2.14724755898637,0,0
16,10.2666868046511,0.111894124921677,2.14704499622418,0,0
16.01,10.2345028334767,0.19066293693981,2.14855778153349,0,0
16.02,10.1808628815193,0.111894124921677,2.15007056684279,0,0
16.03,10.1808628815193,0.19066293693981,2.1515833521521,0,0
16.04,10.1486789103448,0.0245818027557917,2.15265957585058,0,0
16.05,10.1164949391703,0.19066293693981,2.15373579954906,0,0
16.06,10.1164949391703,0.111894124921677,2.15524858485836,0,0
16.07,10.1486789103448,0.19066293693981,2.15676137016767,0,0
16.08,10.1808628815193,0.111894124921677,2.15827415547698,0,0
16.09,10.2345028334767,0.19066293693981,2.15978694078629,0,0
16.1,10.2666868046511,0.111894124921677,2.16129972609559,0,0
16.11,10.3846946989575,-0.152406677359627,2.1610971633334,0,0
16.12,10.4383346509149,0.111894124921677,2.16089460057121,0,0
16.13,10.5241585740468,-0.242849512660806,2.16023982363252,0,0
16.14,10.6421664683531,0.0245818027557917,2.15914848508299,0,0
16.15,10.706534410702,-0.152406677359627,2.15850936070997,0,0
16.16,10.727990391485,0.0245818027557917,2.15787023633696,0,0
16.17,10.727990391485,-0.152406677359627,2.15723111196394,0,0
16.18,10.8138143146169,-0.152406677359627,2.15570704519034,0,0
16.19,10.8674542665743,0.111894124921677,2.15550448242815,0,0
16.2,10.8996382377487,0.111894124921677,2.15662342367737,0,0
16.21,10.8996382377487,0.19066293693981,2.15813620898667,0,0
16.22,10.9318222089232,0.19066293693981,2.16004283835607,0,0
16.23,10.8996382377487,0.111894124921677,2.16155562366538,0,0
16.24,10.9318222089232,0.19066293693981,2.16306840897469,0,0
16.25,10.8996382377487,-0.152406677359627,2.16325969027259,0,0
16.26,10.8996382377487,0.19066293693981,2.16345097157049,0,0
16.27,10.9318222089232,0.19066293693981,2.16535760093989,0,0
16.28,10.9318222089232,0.111894124921677,2.16687038624919,0,0
16.29,10.9318222089232,-0.152406677359627,2.16666782348701,0,0
16.3,10.9532781897062,0.19066293693981,2.16685910478491,0,0
16.31,10.9854621608806,-0.152406677359627,2.16705038608281,0,0
16.32,11.0712860840125,-0.152406677359627,2.16552631930921,0,0
16.33,11.103470055187,-0.242849512660806,2.16355003835911,0,0
16.34,11.1892939783188,0.111894124921677,2.16289526142041,0,0
16.35,11.2429339302763,0.111894124921677,2.16401420266963,0,0
16.36,11.3073018726252,0.111894124921677,2.16513314391885,0,0
16.37,11.3609418245826,0.111894124921677,2.16625208516806,0,0
16.38,11.4253097669315,-0.152406677359627,2.16604952240587,0,0
16.39,11.4253097669315,0.19066293693981,2.16624080370377,0,0
16.4,11.5647736420208,0.111894124921677,2.16775358901308,0,0
16.41,11.5969576131953,0.111894124921677,2.1688725302623,0,0
16.42,11.6613255555442,0.19066293693981,2.17038531557161,0,0
16.43,11.7256934978931,-0.152406677359627,2.17057659686951,0,0
16.44,11.7471494786761,-0.152406677359627,2.16905253009591,0,0
16.45,11.811517421025,0.19066293693981,2.16924381139381,0,0
16.46,11.8544293825909,0.111894124921677,2.17075659670312,0,0
16.47,11.9402533057228,0.0245818027557917,2.17143897634151,0,0
16.48,11.9938932576802,0.111894124921677,2.17212135597989,0,0
16.49,12.0475332096376,-0.242849512660806,2.1714665790412,0,0
16.5,12.0797171808121,-0.187466864989695,2.16931499715295,0,0
16.51,12.1119011519865,-0.242849512660806,2.16716341526469,0,0
16.52,12.165541103944,-0.187466864989695,2.16501183337644,0,0
16.53,12.1977250751184,-0.187466864989695,2.16313716472654,0,0
16.54,12.1977250751184,-0.187466864989695,2.16126249607665,0,0
16.55,12.2299090462929,-0.152406677359627,2.1595631283649,0,0
16.56,12.2513650270759,-0.152406677359627,2.1580390615913,0,0
16.57,12.2835489982503,-0.152406677359627,2.15651499481771,0,0
16.58,12.2513650270759,0.0245818027557917,2.15587587044469,0,0
16.59,12.2835489982503,0.0245818027557917,2.15612168847225,0,0
16.6,12.2299090462929,0.0245818027557917,2.1563675064998,0,0
16.61,12.2513650270759,0.0245818027557917,2.15661332452736,0,0
16.62,12.2513650270759,-0.307772604848743,2.1551973705169,0,0
16.63,12.2513650270759,-0.152406677359627,2.15289647410585,0,0
16.64,12.3157329694248,-0.187466864989695,2.15119710639411,0,0
16.65,12.3157329694248,-0.242849512660806,2.14904552450585,0,0
16.66,12.3157329694248,0.0245818027557917,2.14795418595633,0,0
16.67,12.2835489982503,-0.242849512660806,2.1468628474068,0,0
16.68,12.2835489982503,0.0245818027557917,2.14577150885728,0,0
16.69,12.2835489982503,-0.187466864989695,2.14495708354611,0,0
16.7,12.3157329694248,-0.152406677359627,2.14325771583436,0,0
16.71,12.3157329694248,0.111894124921677,2.14305515307217,0,0
16.72,12.2835489982503,0.0245818027557917,2.14373753271056,0,0
16.73,12.2835489982503,0.111894124921677,2.14441991234895,0,0
16.74,12.2299090462929,0.0245818027557917,2.14510229198734,0,0
16.75,12.1977250751184,-0.152406677359627,2.14446316761432,0,0
16.76,12.144085123161,0.111894124921677,2.14426060485213,0,0
16.77,12.1119011519865,-0.152406677359627,2.14405804208994,0,0
16.78,12.0797171808121,0.111894124921677,2.14385547932775,0,0
16.79,12.0475332096376,0.0245818027557917,2.14453785896614,0,0
16.8,12.0260772288547,-0.152406677359627,2.14389873459312,0,0
16.81,12.0260772288547,-0.187466864989695,2.14219936688137,0,0
16.82,11.9617092865058,-0.187466864989695,2.14032469823147,0,0
16.83,11.9617092865058,-0.187466864989695,2.13845002958158,0,0
16.84,11.9617092865058,-0.187466864989695,2.13657536093168,0,0
16.85,11.9617092865058,-0.187466864989695,2.13470069228178,0,0
16.86,11.9617092865058,-0.307772604848743,2.13222449493259,0,0
16.87,11.9617092865058,-0.152406677359627,2.12992359852155,0,0
16.88,11.9938932576802,-0.187466864989695,2.1282242308098,0,0
16.89,12.0260772288547,-0.242849512660806,2.12607264892155,0,0
16.9,11.9938932576802,-0.187466864989695,2.12392106703329,0,0
16.91,12.0260772288547,0.19066293693981,2.12393704739305,0,0
16.92,12.0475332096376,0.268515262170148,2.1262329383886,0,0
16.93,12.0475332096376,0.111894124921677,2.12813498532405,0,0
16.94,12.1119011519865,0.111894124921677,2.12925392657327,0,0
16.95,12.1119011519865,-0.152406677359627,2.12905136381108,0,0
16.96,12.165541103944,-0.152406677359627,2.12752729703748,0,0
16.97,12.1977250751184,0.19066293693981,2.12771857833539,0,0
16.98,12.165541103944,-0.152406677359627,2.12790985963329,0,0
16.99,12.1977250751184,0.111894124921677,2.1277072968711,0,0
17,12.2299090462929,-0.152406677359627,2.12750473410891,0,0
17.01,12.2299090462929,0.111894124921677,2.12730217134672,0,0
17.02,12.2299090462929,-0.152406677359627,2.12709960858453,0,0
17.03,12.2299090462929,-0.152406677359627,2.12557554181093,0,0
17.04,12.1977250751184,-0.152406677359627,2.12405147503734,0,0
17.05,12.144085123161,0.19066293693981,2.12424275633524,0,0
17.06,12.1977250751184,-0.152406677359627,2.12443403763314,0,0
17.07,12.1977250751184,-0.242849512660806,2.12245775668304,0,0
17.08,12.1977250751184,-0.152406677359627,2.12048147573293,0,0
17.09,12.1977250751184,0.111894124921677,2.12027891297074,0,0
17.1,12.2299090462929,-0.242849512660806,2.11962413603205,0,0
17.11,12.2299090462929,0.19066293693981,2.11936320315344,0,0
17.12,12.2513650270759,0.19066293693981,2.12126983252284,0,0
17.13,12.2299090462929,0.111894124921677,2.12278261783215,0,0
17.14,12.2513650270759,0.111894124921677,2.12390155908137,0,0
17.15,12.2513650270759,0.0245818027557917,2.12458393871975,0,0
17.16,12.2299090462929,-0.152406677359627,2.12394481434673,0,0
17.17,12.1977250751184,0.111894124921677,2.12374225158454,0,0
17.18,12.1977250751184,0.19066293693981,2.12525503689385,0,0
17.19,12.1977250751184,0.19066293693981,2.12716166626325,0,0
17.2,12.165541103944,0.111894124921677,2.12867445157256,0,0
17.21,12.144085123161,0.19066293693981,2.13018723688186,0,0
17.22,12.165541103944,0.19066293693981,2.13209386625126,0,0
17.23,12.165541103944,-0.152406677359627,2.13228514754916,0,0
17.24,12.165541103944,-0.152406677359627,2.13076108077557,0,0
17.25,12.165541103944,0.0245818027557917,2.13012195640255,0,0
17.26,12.2299090462929,-0.152406677359627,2.12948283202953,0,0
17.27,12.2299090462929,0.0245818027557917,2.12884370765651,0,0
17.28,12.1977250751184,-0.242849512660806,2.12775236910698,0,0
17.29,12.165541103944,-0.152406677359627,2.12577608815688,0,0
17.3,12.165541103944,-0.152406677359627,2.12425202138329,0,0
17.31,12.144085123161,0.0245818027557917,2.12361289701027,0,0
17.32,12.144085123161,-0.242849512660806,2.12252155846074,0,0
17.33,12.144085123161,-0.152406677359627,2.12054527751064,0,0
17.34,12.165541103944,0.111894124921677,2.12034271474845,0,0
17.35,12.1977250751184,-0.152406677359627,2.12014015198626,0,0
17.36,12.165541103944,0.19066293693981,2.12033143328416,0,0
17.37,12.165541103944,-0.152406677359627,2.12052271458206,0,0
17.38,12.1977250751184,0.0245818027557917,2.11988359020904,0,0
17.39,12.2299090462929,0.111894124921677,2.12056596984743,0,0
17.4,12.2299090462929,-0.152406677359627,2.12036340708524,0,0
17.41,12.2513650270759,0.0245818027557917,2.11972428271222,0,0
17.42,12.2513650270759,-0.152406677359627,2.1190851583392,0,0
17.43,12.3479169405992,0.0245818027557917,2.11844603396618,0,0
17.44,12.3693729213822,-0.152406677359627,2.11780690959317,0,0
17.45,12.4015568925566,-0.152406677359627,2.11628284281957,0,0
17.46,12.4015568925566,0.111894124921677,2.11608028005738,0,0
17.47,12.4444688541226,0.0245818027557917,2.11676265969577,0,0
17.48,12.4659248349056,0.19066293693981,2.11783888339424,0,0
17.49,12.4659248349056,-0.152406677359627,2.11803016469215,0,0
17.5,12.5302927772545,0.111894124921677,2.11782760192996,0,0
17.51,12.49810880608,0.111894124921677,2.11894654317917,0,0
17.52,12.5839327292119,0.111894124921677,2.12006548442839,0,0
17.53,12.6161167003863,0.111894124921677,2.12118442567761,0,0
17.54,12.6483006715608,0.0245818027557917,2.12186680531599,0,0
17.55,12.6483006715608,0.111894124921677,2.12254918495438,0,0
17.56,12.6697566523438,0.111894124921677,2.1236681262036,0,0
17.57,12.7019406235182,-0.152406677359627,2.12346556344141,0,0
17.58,12.7019406235182,0.0245818027557917,2.12282643906839,0,0
17.59,12.7341245946927,-0.152406677359627,2.12218731469537,0,0
17.6,12.7555805754756,0.111894124921677,2.12198475193318,0,0
17.61,12.7877645466501,0.0245818027557917,2.12266713157157,0,0
17.62,12.8199485178246,-0.152406677359627,2.12202800719855,0,0
17.63,12.8843164601735,-0.152406677359627,2.12050394042495,0,0
17.64,12.9486844025224,0.0245818027557917,2.11986481605193,0,0
17.65,12.9486844025224,-0.152406677359627,2.11922569167891,0,0
17.66,12.9486844025224,-0.152406677359627,2.11770162490532,0,0
17.67,13.0023243544798,0.0245818027557917,2.1170625005323,0,0
17.68,12.9701403833053,0.0245818027557917,2.11730831855986,0,0
17.69,12.9701403833053,-0.152406677359627,2.11666919418684,0,0
17.7,12.9486844025224,-0.242849512660806,2.11469291323673,0,0
17.71,12.9701403833053,-0.242849512660806,2.11226441811013,0,0
17.72,12.8843164601735,-0.187466864989695,2.11011283622187,0,0
17.73,12.8843164601735,0.19066293693981,2.11012881658162,0,0
17.74,12.9486844025224,-0.187466864989695,2.11014479694138,0,0
17.75,12.9486844025224,0.0245818027557917,2.10933037163021,0,0
17.76,12.8843164601735,-0.152406677359627,2.10869124725719,0,0
17.77,12.8843164601735,0.0245818027557917,2.10805212288417,0,0
17.78,12.8628604793905,-0.152406677359627,2.10741299851115,0,0
17.79,12.8199485178246,0.111894124921677,2.10721043574896,0,0
17.8,12.8199485178246,0.19066293693981,2.10872322105827,0,0
17.81,12.7877645466501,0.111894124921677,2.11023600636757,0,0
17.82,12.7555805754756,-0.242849512660806,2.10958122942888,0,0
17.83,12.7555805754756,-0.152406677359627,2.10760494847878,0,0
17.84,12.7341245946927,0.111894124921677,2.10740238571659,0,0
17.85,12.7341245946927,0.19066293693981,2.10891517102589,0,0
17.86,12.7555805754756,0.111894124921677,2.1104279563352,0,0
17.87,12.7341245946927,-0.152406677359627,2.11022539357301,0,0
17.88,12.7555805754756,0.19066293693981,2.11041667487091,0,0
17.89,12.7341245946927,0.19066293693981,2.11232330424031,0,0
17.9,12.7019406235182,0.111894124921677,2.11383608954962,0,0
17.91,12.6697566523438,-0.152406677359627,2.11363352678743,0,0
17.92,12.6483006715608,0.111894124921677,2.11343096402524,0,0
17.93,12.5839327292119,-0.242849512660806,2.11277618708654,0,0
17.94,12.5624767484289,0.111894124921677,2.11212141014785,0,0
17.95,12.5624767484289,0.19066293693981,2.11363419545715,0,0
17.96,12.5302927772545,-0.242849512660806,2.11337326257855,0,0
17.97,12.5302927772545,-0.152406677359627,2.11139698162845,0,0
17.98,12.5302927772545,-0.307772604848743,2.10909608521741,0,0
17.99,12.5302927772545,-0.187466864989695,2.10661988786821,0,0
18,12.5302927772545,0.0245818027557917,2.10580546255704,0,0
18.01,12.49810880608,-0.242849512660806,2.10471412400752,0,0
18.02,12.5302927772545,-0.242849512660806,2.10228562888091,0,0
18.03,12.49810880608,-0.242849512660806,2.0998571337543,0,0
18.04,12.49810880608,-0.152406677359627,2.0978808528042,0,0
18.05,12.4659248349056,-0.187466864989695,2.09618148509245,0,0
18.06,12.4659248349056,0.19066293693981,2.0961974654522,0,0
18.07,12.4659248349056,0.19066293693981,2.0981040948216,0,0
18.08,12.4659248349056,-0.152406677359627,2.0982953761195,0,0
18.09,12.4659248349056,-0.152406677359627,2.09677130934591,0,0
18.1,12.4444688541226,0.111894124921677,2.09656874658372,0,0
18.11,12.4015568925566,-0.152406677359627,2.09636618382153,0,0
18.12,12.3693729213822,-0.152406677359627,2.09484211704793,0,0
18.13,12.4015568925566,-0.152406677359627,2.09331805027433,0,0
18.14,12.3479169405992,0.19066293693981,2.09350933157224,0,0
18.15,12.3479169405992,-0.152406677359627,2.09370061287014,0,0
18.16,12.3693729213822,0.111894124921677,2.09349805010795,0,0
18.17,12.3479169405992,0.0245818027557917,2.09418042974633,0,0
18.18,12.3157329694248,0.0245818027557917,2.09442624777389,0,0
18.19,12.2835489982503,-0.242849512660806,2.09333490922437,0,0
18.2,12.2513650270759,-0.152406677359627,2.09135862827427,0,0
18.21,12.1977250751184,-0.187466864989695,2.08965926056252,0,0
18.22,12.2513650270759,-0.152406677359627,2.08795989285077,0,0
18.23,12.2299090462929,-0.152406677359627,2.08643582607718,0,0
18.24,12.1977250751184,-0.187466864989695,2.08473645836543,0,0
18.25,12.165541103944,-0.242849512660806,2.08258487647718,0,0
18.26,12.165541103944,-0.187466864989695,2.08043329458892,0,0
18.27,12.144085123161,0.111894124921677,2.08005543088858,0,0
18.28,12.144085123161,0.19066293693981,2.08156821619789,0,0
18.29,12.1119011519865,0.111894124921677,2.0830810015072,0,0
18.3,12.144085123161,0.19066293693981,2.08459378681651,0,0
18.31,12.144085123161,0.0245818027557917,2.08567001051498,0,0
18.32,12.144085123161,0.111894124921677,2.08635239015337,0,0
18.33,12.0797171808121,0.111894124921677,2.08747133140259,0,0
18.34,12.1119011519865,0.111894124921677,2.0885902726518,0,0
18.35,12.0260772288547,0.111894124921677,2.08970921390102,0,0
18.36,12.0475332096376,0.0245818027557917,2.09039159353941,0,0
18.37,12.0260772288547,0.19066293693981,2.09146781723789,0,0
18.38,11.9938932576802,-0.152406677359627,2.09165909853579,0,0
18.39,11.9938932576802,0.0245818027557917,2.09101997416277,0,0
18.4,12.0260772288547,0.0245818027557917,2.09126579219033,0,0
18.41,12.0475332096376,-0.242849512660806,2.0901744536408,0,0
18.42,12.0797171808121,0.0245818027557917,2.08908311509128,0,0
18.43,12.0797171808121,-0.242849512660806,2.08799177654175,0,0
18.44,12.0475332096376,-0.152406677359627,2.08601549559165,0,0
18.45,12.0475332096376,0.0245818027557917,2.08537637121863,0,0
18.46,12.0260772288547,0.0245818027557917,2.08562218924619,0,0
18.47,11.9402533057228,-0.187466864989695,2.08480776393502,0,0
18.48,11.9402533057228,0.0245818027557917,2.08399333862385,0,0
18.49,11.9080693345483,0.0245818027557917,2.08423915665141,0,0
18.5,11.8758853633739,-0.152406677359627,2.08360003227839,0,0
18.51,11.8758853633739,0.0245818027557917,2.08296090790537,0,0
18.52,11.8544293825909,-0.152406677359627,2.08232178353235,0,0
18.53,11.8544293825909,0.19066293693981,2.08251306483025,0,0
18.54,11.811517421025,-0.187466864989695,2.08252904519,0,0
18.55,11.811517421025,0.0245818027557917,2.08171461987883,0,0
18.56,11.811517421025,-0.242849512660806,2.08062328132931,0,0
18.57,11.7793334498505,-0.242849512660806,2.0781947862027,0,0
18.58,11.7793334498505,0.0245818027557917,2.07710344765317,0,0
18.59,11.7471494786761,-0.152406677359627,2.07646432328015,0,0
18.6,11.7793334498505,0.111894124921677,2.07626176051796,0,0
18.61,11.811517421025,0.19066293693981,2.07777454582727,0,0
18.62,11.7793334498505,-0.152406677359627,2.07796582712517,0,0
18.63,11.7793334498505,-0.152406677359627,2.07644176035158,0,0
18.64,11.7793334498505,-0.152406677359627,2.07491769357798,0,0
18.65,11.7256934978931,0.0245818027557917,2.07427856920496,0,0
18.66,11.6935095267186,-0.152406677359627,2.07363944483194,0,0
18.67,11.6935095267186,0.19066293693981,2.07383072612984,0,0
18.68,11.6613255555442,0.19066293693981,2.07573735549924,0,0
18.69,11.6613255555442,-0.242849512660806,2.07547642262064,0,0
18.7,11.6613255555442,-0.152406677359627,2.07350014167053,0,0
18.71,11.6291415843697,0.0245818027557917,2.07286101729751,0,0
18.72,11.6291415843697,-0.152406677359627,2.07222189292449,0,0
18.73,11.5969576131953,-0.187466864989695,2.07052252521275,0,0
18.74,11.5969576131953,-0.152406677359627,2.068823157501,0,0
18.75,11.5647736420208,-0.152406677359627,2.0672990907274,0,0
18.76,11.5969576131953,0.0245818027557917,2.06665996635439,0,0
18.77,11.5325896708464,-0.152406677359627,2.06602084198137,0,0
18.78,11.5969576131953,0.0245818027557917,2.06538171760835,0,0
18.79,11.5969576131953,-0.242849512660806,2.06429037905882,0,0
18.8,11.6291415843697,-0.242849512660806,2.06186188393221,0,0
18.81,11.6291415843697,-0.187466864989695,2.05971030204396,0,0
18.82,11.6291415843697,-0.242849512660806,2.05755872015571,0,0
18.83,11.6291415843697,-0.242849512660806,2.0551302250291,0,0
18.84,11.6291415843697,0.0245818027557917,2.05403888647958,0,0
18.85,11.6291415843697,-0.242849512660806,2.05294754793005,0,0
18.86,11.5969576131953,-0.307772604848743,2.0501944373425,0,0
18.87,11.6291415843697,0.19066293693981,2.04960888900296,0,0
18.88,11.5969576131953,0.0245818027557917,2.05068511270144,0,0
18.89,11.5969576131953,-0.152406677359627,2.05004598832842,0,0
18.9,11.5969576131953,0.0245818027557917,2.0494068639554,0,0
18.91,11.5969576131953,-0.242849512660806,2.04831552540587,0,0
18.92,11.5969576131953,0.0245818027557917,2.04722418685635,0,0
18.93,11.5969576131953,-0.187466864989695,2.04640976154518,0,0
18.94,11.5969576131953,-0.242849512660806,2.04425817965693,0,0
18.95,11.5969576131953,-0.152406677359627,2.04228189870682,0,0
18.96,11.5969576131953,-0.242849512660806,2.04030561775672,0,0
18.97,11.5969576131953,-0.152406677359627,2.03832933680662,0,0
18.98,11.5969576131953,-0.152406677359627,2.03680527003302,0,0
18.99,11.6291415843697,-0.152406677359627,2.03528120325943,0,0
19,11.6613255555442,-0.152406677359627,2.03375713648583,0,0
19.01,11.6935095267186,-0.187466864989695,2.03205776877408,0,0
19.02,11.7256934978931,-0.152406677359627,2.03035840106234,0,0
19.03,11.7793334498505,-0.242849512660806,2.02838212011223,0,0
19.04,11.8544293825909,-0.187466864989695,2.02623053822398,0,0
19.05,11.8758853633739,0.0245818027557917,2.02541611291281,0,0
19.06,11.9080693345483,-0.152406677359627,2.02477698853979,0,0
19.07,11.9080693345483,0.0245818027557917,2.02413786416677,0,0
19.08,11.9617092865058,0.0245818027557917,2.02438368219433,0,0
19.09,12.0260772288547,0.0245818027557917,2.02462950022189,0,0
19.1,12.0260772288547,-0.152406677359627,2.02399037584887,0,0
19.11,12.0797171808121,0.0245818027557917,2.02335125147585,0,0
19.12,12.0260772288547,0.111894124921677,2.02403363111424,0,0
19.13,12.1119011519865,0.19066293693981,2.02554641642355,0,0
19.14,12.0797171808121,0.111894124921677,2.02705920173285,0,0
19.15,12.0797171808121,0.19066293693981,2.02857198704216,0,0
19.16,12.0797171808121,-0.242849512660806,2.02831105416356,0,0
19.17,12.1119011519865,0.19066293693981,2.02805012128495,0,0
19.18,12.165541103944,0.0245818027557917,2.02912634498343,0,0
19.19,12.144085123161,-0.152406677359627,2.02848722061041,0,0
19.2,12.165541103944,-0.152406677359627,2.02696315383681,0,0
19.21,12.165541103944,0.111894124921677,2.02676059107462,0,0
19.22,12.2299090462929,-0.152406677359627,2.02655802831243,0,0
19.23,12.2299090462929,0.0245818027557917,2.02591890393942,0,0
19.24,12.2513650270759,0.0245818027557917,2.02616472196697,0,0
19.25,12.2513650270759,-0.187466864989695,2.0253502966558,0,0
19.26,12.3157329694248,-0.152406677359627,2.02365092894406,0,0
19.27,12.3157329694248,-0.242849512660806,2.02167464799395,0,0
19.28,12.3479169405992,0.0245818027557917,2.02058330944443,0,0
19.29,12.3693729213822,0.0245818027557917,2.02082912747199,0,0
19.3,12.3479169405992,-0.242849512660806,2.01973778892246,0,0
19.31,12.3693729213822,0.0245818027557917,2.01864645037294,0,0
19.32,12.4015568925566,-0.152406677359627,2.01800732599992,0,0
19.33,12.3693729213822,0.111894124921677,2.01780476323773,0,0
19.34,12.3693729213822,0.0245818027557917,2.01848714287612,0,0
19.35,12.4659248349056,0.0245818027557917,2.01873296090367,0,0
19.36,12.4015568925566,-0.152406677359627,2.01809383653065,0,0
19.37,12.4444688541226,-0.152406677359627,2.01656976975706,0,0
19.38,12.49810880608,-0.152406677359627,2.01504570298346,0,0
19.39,12.5839327292119,-0.152406677359627,2.01352163620987,0,0
19.4,12.6161167003863,-0.152406677359627,2.01199756943627,0,0
19.41,12.6161167003863,0.111894124921677,2.01179500667408,0,0
19.42,12.6161167003863,0.0245818027557917,2.01247738631247,0,0
19.43,12.6161167003863,0.111894124921677,2.01315976595085,0,0
19.44,12.5839327292119,0.0245818027557917,2.01384214558924,0,0
19.45,12.49810880608,0.111894124921677,2.01452452522763,0,0
19.46,12.4659248349056,-0.152406677359627,2.01432196246544,0,0
19.47,12.4015568925566,0.111894124921677,2.01411939970325,0,0
19.48,12.3693729213822,0.111894124921677,2.01523834095247,0,0
19.49,12.3157329694248,0.111894124921677,2.01635728220168,0,0
19.5,12.3157329694248,0.111894124921677,2.0174762234509,0,0
19.51,12.2835489982503,0.111894124921677,2.01859516470012,0,0
19.52,12.2835489982503,-0.242849512660806,2.01794038776142,0,0
19.53,12.2835489982503,0.0245818027557917,2.0168490492119,0,0
19.54,12.3157329694248,-0.152406677359627,2.01620992483888,0,0
19.55,12.2835489982503,0.111894124921677,2.01600736207669,0,0
19.56,12.2835489982503,-0.152406677359627,2.0158047993145,0,0
19.57,12.3157329694248,0.0245818027557917,2.01516567494148,0,0
19.58,12.2835489982503,-0.152406677359627,2.01452655056846,0,0
19.59,12.3157329694248,-0.152406677359627,2.01300248379486,0,0
19.6,12.3157329694248,-0.242849512660806,2.01102620284476,0,0
19.61,12.3157329694248,-0.242849512660806,2.00859770771815,0,0
19.62,12.3157329694248,0.19066293693981,2.00833677483955,0,0
19.63,12.3157329694248,-0.152406677359627,2.00852805613745,0,0
19.64,12.3157329694248,0.0245818027557917,2.00788893176443,0,0
19.65,12.2835489982503,-0.152406677359627,2.00724980739141,0,0
19.66,12.3157329694248,0.0245818027557917,2.00661068301839,0,0
19.67,12.3157329694248,-0.152406677359627,2.00597155864537,0,0
19.68,12.2835489982503,0.0245818027557917,2.00533243427235,0,0
19.69,12.2513650270759,0.111894124921677,2.00601481391074,0,0
19.7,12.2513650270759,-0.242849512660806,2.00536003697205,0,0
19.71,12.2513650270759,0.111894124921677,2.00470526003335,0,0
19.72,12.2513650270759,0.0245818027557917,2.00538763967174,0,0
19.73,12.2513650270759,0.19066293693981,2.00646386337021,0,0
19.74,12.2835489982503,0.19066293693981,2.00837049273961,0,0
19.75,12.2513650270759,0.0245818027557917,2.00944671643809,0,0
19.76,12.2299090462929,0.0245818027557917,2.00969253446565,0,0
19.77,12.2299090462929,0.19066293693981,2.01076875816413,0,0
19.78,12.2513650270759,-0.152406677359627,2.01096003946203,0,0
19.79,12.2513650270759,0.0245818027557917,2.01032091508901,0,0
19.8,12.2513650270759,0.111894124921677,2.0110032947274,0,0
19.81,12.2835489982503,0.111894124921677,2.01212223597661,0,0
19.82,12.2513650270759,0.111894124921677,2.01324117722583,0,0
19.83,12.2835489982503,0.19066293693981,2.01475396253514,0,0
19.84,12.3157329694248,-0.152406677359627,2.01494524383304,0,0
19.85,12.3157329694248,-0.187466864989695,2.01324587612129,0,0
19.86,12.3157329694248,-0.152406677359627,2.01154650840954,0,0
19.87,12.3157329694248,0.19066293693981,2.01173778970744,0,0
19.88,12.2835489982503,-0.152406677359627,2.01192907100535,0,0
19.89,12.2835489982503,0.0245818027557917,2.01128994663233,0,0
19.9,12.2835489982503,-0.242849512660806,2.0101986080828,0,0
19.91,12.3157329694248,-0.152406677359627,2.0082223271327,0,0
19.92,12.2835489982503,-0.242849512660806,2.0062460461826,0,0
19.93,12.2513650270759,-0.242849512660806,2.00381755105599,0,0
19.94,12.2513650270759,0.0245818027557917,2.00272621250646,0,0
19.95,12.2299090462929,-0.152406677359627,2.00208708813344,0,0
19.96,12.2299090462929,0.0245818027557917,2.00144796376043,0,0
19.97,12.1977250751184,0.0245818027557917,2.00169378178798,0,0
19.98,12.1977250751184,0.0245818027557917,2.00193959981554,0,0
19.99,12.1977250751184,-0.152406677359627,2.00130047544252,0,0
20,12.1977250751184,-0.152406677359627,1.99977640866893,0,0
20.01,12.1977250751184,0.19066293693981,1.99996768996683,0,0
20.02,12.165541103944,-0.152406677359627,2.00015897126473,0,0
20.03,12.144085123161,-0.152406677359627,1.99863490449113,0,0
20.04,12.165541103944,0.111894124921677,1.99843234172894,0,0
20.05,12.1977250751184,0.0245818027557917,1.99911472136733,0,0
20.06,12.1977250751184,0.111894124921677,1.99979710100572,0,0
20.07,12.165541103944,0.0245818027557917,2.0004794806441,0,0
20.08,12.1977250751184,0.19066293693981,2.00155570434258,0,0
20.09,12.1977250751184,-0.152406677359627,2.00174698564048,0,0
20.1,12.1977250751184,-0.152406677359627,2.00022291886689,0,0
20.11,12.165541103944,-0.152406677359627,1.99869885209329,0,0
20.12,12.1977250751184,-0.152406677359627,1.99717478531969,0,0
20.13,12.165541103944,-0.152406677359627,1.9956507185461,0,0
20.14,12.165541103944,0.19066293693981,1.995841999844,0,0
20.15,12.165541103944,0.19066293693981,1.9977486292134,0,0
20.16,12.144085123161,-0.187466864989695,1.99776460957315,0,0
20.17,12.144085123161,-0.187466864989695,1.99588994092325,0,0
20.18,12.144085123161,-0.187466864989695,1.99401527227335,0,0
20.19,12.144085123161,-0.152406677359627,1.99231590456161,0,0
20.2,12.165541103944,-0.187466864989695,1.99061653684986,0,0
20.21,12.144085123161,-0.187466864989695,1.98874186819996,0,0
20.22,12.1119011519865,-0.242849512660806,1.98659028631171,0,0
20.23,12.0797171808121,0.0245818027557917,1.98549894776218,0,0
20.24,12.0475332096376,-0.152406677359627,1.98485982338917,0,0
20.25,12.0260772288547,0.0245818027557917,1.98422069901615,0,0
20.26,11.9938932576802,-0.187466864989695,1.98340627370498,0,0
20.27,11.9617092865058,-0.152406677359627,1.98170690599323,0,0
20.28,11.9402533057228,0.19066293693981,1.98189818729113,0,0
20.29,11.9938932576802,0.19066293693981,1.98380481666053,0,0
20.3,11.9617092865058,0.0245818027557917,1.98488104035901,0,0
20.31,11.9402533057228,-0.152406677359627,1.98424191598599,0,0
20.32,11.9617092865058,0.19066293693981,1.98443319728389,0,0
20.33,11.9938932576802,0.19066293693981,1.98633982665329,0,0
20.34,12.0260772288547,0.111894124921677,1.98785261196259,0,0
20.35,12.0260772288547,0.19066293693981,1.9893653972719,0,0
20.36,12.0475332096376,0.19066293693981,1.9912720266413,0,0
20.37,11.9938932576802,-0.242849512660806,1.9910110937627,0,0
20.38,12.0260772288547,-0.187466864989695,1.98885951187444,0,0
20.39,11.9938932576802,-0.152406677359627,1.9871601441627,0,0
20.4,11.9617092865058,-0.187466864989695,1.98546077645095,0,0
20.41,11.9938932576802,-0.187466864989695,1.98358610780105,0,0
20.42,11.9938932576802,-0.187466864989695,1.98171143915116,0,0
20.43,11.9938932576802,-0.152406677359627,1.98001207143941,0,0
20.44,11.9938932576802,-0.242849512660806,1.97803579048931,0,0
20.45,12.0260772288547,-0.242849512660806,1.9756072953627,0,0
20.46,12.0260772288547,0.0245818027557917,1.97451595681317,0,0
20.47,12.0475332096376,-0.242849512660806,1.97342461826365,0,0
20.48,12.1119011519865,-0.152406677359627,1.97144833731355,0,0
20.49,12.0797171808121,-0.152406677359627,1.96992427053995,0,0
20.5,12.144085123161,-0.187466864989695,1.9682249028282,0,0
20.51,12.144085123161,-0.152406677359627,1.96652553511646,0,0
20.52,12.144085123161,-0.152406677359627,1.96500146834286,0,0
20.53,12.144085123161,-0.152406677359627,1.96347740156926,0,0
20.54,12.165541103944,0.0245818027557917,1.96283827719624,0,0
20.55,12.1977250751184,-0.242849512660806,1.96174693864672,0,0
20.56,12.1977250751184,-0.187466864989695,1.95959535675847,0,0
20.57,12.1977250751184,-0.242849512660806,1.95744377487021,0,0
20.58,12.1977250751184,-0.152406677359627,1.95546749392011,0,0
20.59,12.1977250751184,-0.242849512660806,1.95349121297001,0,0
20.6,12.1977250751184,-0.187466864989695,1.95133963108176,0,0
20.61,12.1977250751184,-0.242849512660806,1.9491880491935,0,0
20.62,12.165541103944,-0.152406677359627,1.9472117682434,0,0
20.63,12.165541103944,-0.242849512660806,1.9452354872933,0,0
20.64,12.165541103944,0.0245818027557917,1.94414414874378,0,0
20.65,12.144085123161,-0.242849512660806,1.94305281019425,0,0
20.66,12.1119011519865,-0.242849512660806,1.94062431506764,0,0
20.67,12.0797171808121,0.0245818027557917,1.93953297651812,0,0
20.68,12.0797171808121,0.0245818027557917,1.93977879454568,0,0
20.69,12.0475332096376,0.268515262170148,1.9412442798703,0,0
20.7,12.0260772288547,0.111894124921677,1.94314632680576,0,0
20.71,12.0260772288547,0.0245818027557917,1.94382870644415,0,0
20.72,12.0260772288547,0.0245818027557917,1.94407452447171,0,0
20.73,12.0260772288547,0.0245818027557917,1.94432034249927,0,0
20.74,11.9938932576802,0.111894124921677,1.94500272213765,0,0
20.75,11.9617092865058,0.111894124921677,1.94612166338687,0,0
20.76,11.9402533057228,-0.152406677359627,1.94591910062468,0,0
20.77,11.9617092865058,0.19066293693981,1.94611038192258,0,0
20.78,11.9402533057228,0.111894124921677,1.94762316723189,0,0
20.79,11.9402533057228,-0.187466864989695,1.94724530353155,0,0
20.8,11.9402533057228,0.0245818027557917,1.94643087822038,0,0
20.81,11.9080693345483,-0.187466864989695,1.94561645290921,0,0
20.82,11.8758853633739,-0.152406677359627,1.94391708519746,0,0
20.83,11.8544293825909,-0.242849512660806,1.94194080424736,0,0
20.84,11.8544293825909,-0.307772604848743,1.93918769365981,0,0
20.85,11.811517421025,-0.152406677359627,1.93688679724877,0,0
20.86,11.811517421025,0.0245818027557917,1.93624767287575,0,0
20.87,11.811517421025,0.0245818027557917,1.93649349090331,0,0
20.88,11.811517421025,-0.242849512660806,1.93540215235379,0,0
20.89,11.7793334498505,-0.152406677359627,1.93342587140368,0,0
20.9,11.7471494786761,-0.152406677359627,1.93190180463009,0,0
20.91,11.7471494786761,0.19066293693981,1.93209308592799,0,0
20.92,11.7793334498505,0.111894124921677,1.9336058712373,0,0
20.93,11.7256934978931,0.19066293693981,1.9351186565466,0,0
20.94,11.6935095267186,0.111894124921677,1.93663144185591,0,0
20.95,11.7256934978931,-0.152406677359627,1.93642887909372,0,0
20.96,11.6935095267186,0.19066293693981,1.93662016039162,0,0
20.97,11.6613255555442,0.111894124921677,1.93813294570093,0,0
20.98,11.6935095267186,0.0245818027557917,1.93881532533932,0,0
20.99,11.6935095267186,0.0245818027557917,1.93906114336687,0,0
21,11.7256934978931,0.111894124921677,1.93974352300526,0,0
21.01,11.6935095267186,-0.152406677359627,1.93954096024307,0,0
21.02,11.7256934978931,0.268515262170148,1.94012150316712,0,0
21.03,11.6935095267186,-0.242849512660806,1.94024983191467,0,0
21.04,11.6935095267186,0.19066293693981,1.93998889903607,0,0
21.05,11.6935095267186,-0.152406677359627,1.94018018033397,0,0
21.06,11.7256934978931,0.0245818027557917,1.93954105596095,0,0
21.07,11.7256934978931,0.111894124921677,1.94022343559933,0,0
21.08,11.7471494786761,0.19066293693981,1.94173622090864,0,0
21.09,11.7256934978931,0.111894124921677,1.94324900621795,0,0
21.1,11.7471494786761,-0.187466864989695,1.94287114251761,0,0
21.11,11.8544293825909,-0.187466864989695,1.94099647386771,0,0
21.12,11.8544293825909,-0.152406677359627,1.93929710615597,0,0
21.13,11.8758853633739,-0.242849512660806,1.93732082520586,0,0
21.14,11.8544293825909,-0.307772604848743,1.93456771461832,0,0
21.15,11.9080693345483,0.0245818027557917,1.93315176060785,0,0
21.16,11.9080693345483,0.0245818027557917,1.93339757863541,0,0
21.17,11.9080693345483,-0.242849512660806,1.93230624008588,0,0
21.18,11.9080693345483,-0.307772604848743,1.92955312949834,0,0
21.19,11.9080693345483,-0.187466864989695,1.92707693214914,0,0
21.2,11.9402533057228,-0.242849512660806,1.92492535026089,0,0
21.21,11.9402533057228,-0.152406677359627,1.92294906931079,0,0
21.22,11.9938932576802,0.0245818027557917,1.92230994493777,0,0
21.23,12.0260772288547,-0.152406677359627,1.92167082056475,0,0
21.24,12.0797171808121,0.19066293693981,1.92186210186265,0,0
21.25,12.165541103944,-0.152406677359627,1.92205338316055,0,0
21.26,12.2299090462929,0.0245818027557917,1.92141425878753,0,0
21.27,12.2299090462929,0.111894124921677,1.92209663842592,0,0
21.28,12.2513650270759,0.19066293693981,1.92360942373523,0,0
21.29,12.2513650270759,-0.152406677359627,1.92380070503313,0,0
21.3,12.2513650270759,-0.152406677359627,1.92227663825953,0,0
21.31,12.2513650270759,-0.152406677359627,1.92075257148594,0,0
21.32,12.2513650270759,0.0245818027557917,1.92011344711292,0,0
21.33,12.3479169405992,-0.152406677359627,1.9194743227399,0,0
21.34,12.3479169405992,0.0245818027557917,1.91883519836688,0,0
21.35,12.3693729213822,0.0245818027557917,1.91908101639444,0,0
21.36,12.4015568925566,-0.242849512660806,1.91798967784491,0,0
21.37,12.4015568925566,0.0245818027557917,1.91689833929539,0,0
21.38,12.4659248349056,-0.242849512660806,1.91580700074586,0,0
21.39,12.5302927772545,0.268515262170148,1.91593532949341,0,0
21.4,12.49810880608,-0.152406677359627,1.91651587241746,0,0
21.41,12.5624767484289,0.0245818027557917,1.91587674804444,0,0
21.42,12.6161167003863,0.0245818027557917,1.916122566072,0,0
21.43,12.6483006715608,-0.152406677359627,1.91548344169898,0,0
21.44,12.7019406235182,-0.152406677359627,1.91395937492538,0,0
21.45,12.7019406235182,0.111894124921677,1.91375681216319,0,0
21.46,12.6697566523438,0.111894124921677,1.91487575341241,0,0
21.47,12.7019406235182,-0.152406677359627,1.91467319065022,0,0
21.48,12.7341245946927,-0.152406677359627,1.91314912387662,0,0
21.49,12.7341245946927,-0.152406677359627,1.91162505710303,0,0
21.5,12.7341245946927,0.111894124921677,1.91142249434084,0,0
21.51,12.7555805754756,0.111894124921677,1.91254143559006,0,0
21.52,12.7555805754756,0.111894124921677,1.91366037683927,0,0
21.53,12.7341245946927,-0.152406677359627,1.91345781407708,0,0
21.54,12.7555805754756,0.0245818027557917,1.91281868970406,0,0
21.55,12.7555805754756,0.111894124921677,1.91350106934245,0,0
21.56,12.7555805754756,0.0245818027557917,1.91418344898084,0,0
21.57,12.7877645466501,-0.152406677359627,1.91354432460782,0,0
21.58,12.7555805754756,-0.152406677359627,1.91202025783422,0,0
21.59,12.7341245946927,-0.152406677359627,1.91049619106063,0,0
21.6,12.7341245946927,0.0245818027557917,1.90985706668761,0,0
21.61,12.7341245946927,0.0245818027557917,1.91010288471516,0,0
21.62,12.7019406235182,0.111894124921677,1.91078526435355,0,0
21.63,12.7019406235182,-0.187466864989695,1.91040740065321,0,0
21.64,12.6697566523438,-0.187466864989695,1.90853273200331,0,0
21.65,12.7019406235182,0.0245818027557917,1.90771830669215,0,0
21.66,12.6697566523438,-0.152406677359627,1.90707918231913,0,0
21.67,12.7019406235182,-0.187466864989695,1.90537981460738,0,0
21.68,12.6697566523438,-0.242849512660806,1.90322823271913,0,0
21.69,12.6483006715608,-0.187466864989695,1.90107665083087,0,0
21.7,12.6161167003863,-0.152406677359627,1.89937728311913,0,0
21.71,12.6161167003863,-0.152406677359627,1.89785321634553,0,0
21.72,12.6161167003863,0.0245818027557917,1.89721409197251,0,0
21.73,12.5624767484289,-0.152406677359627,1.89657496759949,0,0
21.74,12.5302927772545,-0.242849512660806,1.89459868664939,0,0
21.75,12.5302927772545,-0.152406677359627,1.89262240569929,0,0
21.76,12.5624767484289,-0.242849512660806,1.89064612474919,0,0
21.77,12.5302927772545,-0.152406677359627,1.88866984379908,0,0
21.78,12.5624767484289,-0.187466864989695,1.88697047608734,0,0
21.79,12.5624767484289,-0.187466864989695,1.88509580743744,0,0
21.8,12.49810880608,0.0245818027557917,1.88428138212627,0,0
21.81,12.49810880608,-0.152406677359627,1.88364225775325,0,0
21.82,12.5302927772545,-0.152406677359627,1.88211819097965,0,0
21.83,12.5302927772545,-0.152406677359627,1.88059412420606,0,0
21.84,12.49810880608,0.0245818027557917,1.87995499983304,0,0
21.85,12.4659248349056,-0.152406677359627,1.87931587546002,0,0
21.86,12.4659248349056,0.0245818027557917,1.878676751087,0,0
21.87,12.4659248349056,0.268515262170148,1.88014223641163,0,0
21.88,12.4444688541226,0.0245818027557917,1.88160772173626,0,0
21.89,12.4444688541226,0.19066293693981,1.88268394543474,0,0
21.9,12.4015568925566,0.19066293693981,1.88459057480414,0,0
21.91,12.4444688541226,0.0245818027557917,1.88566679850261,0,0
21.92,12.4444688541226,0.19066293693981,1.88674302220109,0,0
21.93,12.3693729213822,0.0245818027557917,1.88781924589957,0,0
21.94,12.3693729213822,0.19066293693981,1.88889546959805,0,0
21.95,12.4015568925566,0.19066293693981,1.89080209896745,0,0
21.96,12.4015568925566,0.268515262170148,1.893097989963,0,0
21.97,12.3693729213822,0.19066293693981,1.89539388095855,0,0
21.98,12.3479169405992,0.111894124921677,1.89690666626785,0,0
21.99,12.3693729213822,0.0245818027557917,1.89758904590624,0,0
22,12.3693729213822,0.19066293693981,1.89866526960472,0,0
22.01,12.3479169405992,0.111894124921677,1.90017805491403,0,0
22.02,12.3479169405992,-0.152406677359627,1.89997549215184,0,0
22.03,12.3157329694248,-0.242849512660806,1.89799921120173,0,0
22.04,12.2835489982503,0.0245818027557917,1.89690787265221,0,0
22.05,12.2513650270759,0.19066293693981,1.89798409635069,0,0
22.06,12.2299090462929,0.19066293693981,1.89989072572009,0,0
22.07,12.2299090462929,0.0245818027557917,1.90096694941856,0,0
22.08,12.1977250751184,0.19066293693981,1.90204317311704,0,0
22.09,12.165541103944,0.111894124921677,1.90355595842635,0,0
22.1,12.165541103944,0.19066293693981,1.90506874373566,0,0
22.11,12.165541103944,0.19066293693981,1.90697537310505,0,0
22.12,12.1977250751184,0.0245818027557917,1.90805159680353,0,0
22.13,12.2299090462929,0.111894124921677,1.90873397644192,0,0
22.14,12.1977250751184,0.19066293693981,1.91024676175123,0,0
22.15,12.1977250751184,0.0245818027557917,1.91132298544971,0,0
22.16,12.144085123161,0.19066293693981,1.91239920914818,0,0
22.17,12.0797171808121,0.19066293693981,1.91430583851758,0,0
22.18,12.0797171808121,0.19066293693981,1.91621246788698,0,0
22.19,12.0260772288547,0.19066293693981,1.91811909725638,0,0
22.2,12.0475332096376,0.0245818027557917,1.91919532095486,0,0
22.21,12.0260772288547,0.111894124921677,1.91987770059324,0,0
22.22,12.0260772288547,0.19066293693981,1.92139048590255,0,0
22.23,11.9938932576802,-0.152406677359627,1.92158176720045,0,0
22.24,11.9617092865058,0.0245818027557917,1.92094264282743,0,0
22.25,11.9938932576802,0.0245818027557917,1.92118846085499,0,0
22.26,11.9938932576802,0.0245818027557917,1.92143427888255,0,0
22.27,11.9938932576802,0.19066293693981,1.92251050258103,0,0
22.28,12.0260772288547,0.268515262170148,1.92480639357658,0,0
22.29,12.0260772288547,0.111894124921677,1.92670844051204,0,0
22.3,12.0260772288547,0.111894124921677,1.92782738176125,0,0
22.31,11.9617092865058,-0.152406677359627,1.92762481899906,0,0
22.32,11.9938932576802,0.19066293693981,1.92781610029696,0,0
22.33,12.0260772288547,0.0245818027557917,1.92889232399544,0,0
22.34,11.9938932576802,0.111894124921677,1.92957470363383,0,0
22.35,11.9617092865058,0.111894124921677,1.93069364488304,0,0
22.36,11.9938932576802,-0.187466864989695,1.9303157811827,0,0
22.37,11.9617092865058,-0.242849512660806,1.92816419929445,0,0
22.38,11.9617092865058,-0.187466864989695,1.9260126174062,0,0
22.39,11.9938932576802,-0.152406677359627,1.92431324969445,0,0
22.4,11.9617092865058,-0.187466864989695,1.92261388198271,0,0
22.41,11.9402533057228,-0.242849512660806,1.92046230009445,0,0
22.42,11.9080693345483,-0.242849512660806,1.91803380496785,0,0
22.43,11.9402533057228,-0.242849512660806,1.91560530984124,0,0
22.44,11.9402533057228,-0.242849512660806,1.91317681471463,0,0
22.45,11.9402533057228,-0.187466864989695,1.91102523282638,0,0
22.46,11.8544293825909,-0.307772604848743,1.90854903547719,0,0
22.47,11.8758853633739,0.111894124921677,1.90756964307755,0,0
22.48,11.8544293825909,0.111894124921677,1.90868858432677,0,0
22.49,11.811517421025,-0.152406677359627,1.90848602156458,0,0
22.5,11.8544293825909,0.0245818027557917,1.90784689719156,0,0
22.51,11.811517421025,0.111894124921677,1.90852927682994,0,0
22.52,11.7793334498505,0.19066293693981,1.91004206213925,0,0
22.53,11.811517421025,0.19066293693981,1.91194869150865,0,0
22.54,11.811517421025,0.111894124921677,1.91346147681796,0,0
22.55,11.811517421025,0.19066293693981,1.91497426212727,0,0
22.56,11.811517421025,0.19066293693981,1.91688089149666,0,0
22.57,11.7793334498505,0.0245818027557917,1.91795711519514,0,0
22.58,11.7793334498505,-0.152406677359627,1.91731799082212,0,0
22.59,11.7471494786761,-0.242849512660806,1.91534170987202,0,0
22.6,11.7471494786761,0.0245818027557917,1.9142503713225,0,0
22.61,11.7471494786761,-0.152406677359627,1.91361124694948,0,0
22.62,11.7471494786761,0.0245818027557917,1.91297212257646,0,0
22.63,11.7471494786761,-0.242849512660806,1.91188078402693,0,0
22.64,11.7256934978931,-0.152406677359627,1.90990450307683,0,0
22.65,11.6935095267186,-0.242849512660806,1.90792822212673,0,0
22.66,11.7256934978931,-0.187466864989695,1.90577664023847,0,0
22.67,11.7256934978931,0.111894124921677,1.90539877653813,0,0
22.68,11.6935095267186,-0.152406677359627,1.90519621377594,0,0
22.69,11.6613255555442,0.19066293693981,1.90538749507385,0,0
22.7,11.6291415843697,-0.152406677359627,1.90557877637175,0,0
22.71,11.5969576131953,0.111894124921677,1.90537621360956,0,0
22.72,11.5647736420208,0.111894124921677,1.90649515485877,0,0
22.73,11.5969576131953,0.0245818027557917,1.90717753449716,0,0
22.74,11.5647736420208,0.0245818027557917,1.90742335252472,0,0
22.75,11.5647736420208,0.111894124921677,1.90810573216311,0,0
22.76,11.5325896708464,-0.152406677359627,1.90790316940092,0,0
22.77,11.5325896708464,0.0245818027557917,1.9072640450279,0,0
22.78,11.5325896708464,0.111894124921677,1.90794642466628,0,0
22.79,11.5111336900634,-0.242849512660806,1.90729164772759,0,0
22.8,11.5111336900634,0.111894124921677,1.90663687078889,0,0
22.81,11.5111336900634,-0.152406677359627,1.9064343080267,0,0
22.82,11.4253097669315,0.19066293693981,1.9066255893246,0,0
22.83,11.4253097669315,-0.242849512660806,1.906364656446,0,0
22.84,11.3931257957571,0.19066293693981,1.90610372356739,0,0
22.85,11.3931257957571,0.111894124921677,1.9076165088767,0,0
22.86,11.3609418245826,0.111894124921677,1.90873545012592,0,0
22.87,11.3609418245826,0.111894124921677,1.90985439137513,0,0
22.88,11.3609418245826,0.0245818027557917,1.91053677101352,0,0
22.89,11.3073018726252,-0.242849512660806,1.909445432464,0,0
22.9,11.3073018726252,-0.187466864989695,1.90729385057574,0,0
22.91,11.2751179014507,0.0245818027557917,1.90647942526457,0,0
22.92,11.2429339302763,-0.187466864989695,1.90566499995341,0,0
22.93,11.2429339302763,0.0245818027557917,1.90485057464224,0,0
22.94,11.2429339302763,-0.187466864989695,1.90403614933107,0,0
22.95,11.2429339302763,0.0245818027557917,1.9032217240199,0,0
22.96,11.2214779494933,-0.242849512660806,1.90213038547037,0,0
22.97,11.2751179014507,-0.152406677359627,1.90015410452027,0,0
22.98,11.3073018726252,0.0245818027557917,1.89951498014725,0,0
22.99,11.3073018726252,-0.152406677359627,1.89887585577423,0,0
23,11.2429339302763,-0.187466864989695,1.89717648806248,0,0
23.01,11.1892939783188,-0.187466864989695,1.89530181941259,0,0
23.02,11.1356540263614,-0.187466864989695,1.89342715076269,0,0
23.03,11.103470055187,-0.152406677359627,1.89172778305094,0,0
23.04,11.0712860840125,-0.152406677359627,1.89020371627735,0,0
23.05,11.0391021128381,-0.242849512660806,1.88822743532725,0,0
23.06,11.0391021128381,-0.152406677359627,1.88625115437714,0,0
23.07,11.0391021128381,-0.187466864989695,1.8845517866654,0,0
23.08,11.0391021128381,0.0245818027557917,1.88373736135423,0,0
23.09,11.0712860840125,0.0245818027557917,1.88398317938178,0,0
23.1,11.103470055187,-0.152406677359627,1.88334405500877,0,0
23.11,11.0712860840125,-0.152406677359627,1.88181998823517,0,0
23.12,11.103470055187,-0.152406677359627,1.88029592146157,0,0
23.13,11.0712860840125,-0.152406677359627,1.87877185468798,0,0
23.14,11.0712860840125,0.0245818027557917,1.87813273031496,0,0
23.15,11.0712860840125,0.0245818027557917,1.87837854834252,0,0
23.16,11.0712860840125,0.111894124921677,1.8790609279809,0,0
23.17,11.0391021128381,-0.242849512660806,1.87840615104221,0,0
23.18,11.0176461320551,-0.152406677359627,1.8764298700921,0,0
23.19,11.0176461320551,0.19066293693981,1.87662115139001,0,0
23.2,10.9854621608806,-0.152406677359627,1.87681243268791,0,0
23.21,10.9854621608806,-0.152406677359627,1.87528836591431,0,0
23.22,10.9854621608806,0.0245818027557917,1.87464924154129,0,0
23.23,10.9854621608806,0.0245818027557917,1.87489505956885,0,0
23.24,10.9854621608806,0.0245818027557917,1.87514087759641,0,0
23.25,10.9318222089232,-0.152406677359627,1.87450175322339,0,0
23.26,10.8996382377487,0.0245818027557917,1.87386262885037,0,0
23.27,10.8996382377487,0.0245818027557917,1.87410844687793,0,0
23.28,10.8674542665743,-0.242849512660806,1.8730171083284,0,0
23.29,10.8996382377487,0.0245818027557917,1.87192576977888,0,0
23.3,10.8674542665743,-0.242849512660806,1.87083443122935,0,0
23.31,10.8138143146169,-0.187466864989695,1.8686828493411,0,0
23.32,10.7923583338339,-0.152406677359627,1.86698348162935,0,0
23.33,10.7923583338339,-0.152406677359627,1.86545941485576,0,0
23.34,10.7601743626594,-0.242849512660806,1.86348313390565,0,0
23.35,10.7601743626594,-0.242849512660806,1.86105463877904,0,0
23.36,10.727990391485,0.0245818027557917,1.85996330022952,0,0
23.37,10.706534410702,-0.242849512660806,1.85887196167999,0,0
23.38,10.706534410702,0.0245818027557917,1.85778062313047,0,0
23.39,10.6743504395276,0.0245818027557917,1.85802644115803,0,0
23.4,10.6743504395276,-0.152406677359627,1.85738731678501,0,0
23.41,10.6743504395276,-0.152406677359627,1.85586325001141,0,0
23.42,10.6421664683531,-0.187466864989695,1.85416388229967,0,0
23.43,10.6743504395276,-0.242849512660806,1.85201230041141,0,0
23.44,10.6421664683531,-0.242849512660806,1.84958380528481,0,0
23.45,10.6743504395276,-0.242849512660806,1.8471553101582,0,0
23.46,10.6743504395276,-0.152406677359627,1.84517902920809,0,0
23.47,10.6743504395276,0.0245818027557917,1.84453990483508,0,0
23.48,10.706534410702,-0.242849512660806,1.84344856628555,0,0
23.49,10.6743504395276,-0.152406677359627,1.84147228533545,0,0
23.5,10.706534410702,-0.187466864989695,1.8397729176237,0,0
23.51,10.6421664683531,-0.242849512660806,1.83762133573545,0,0
23.52,10.6743504395276,-0.187466864989695,1.8354697538472,0,0
23.53,10.6421664683531,-0.242849512660806,1.83331817195894,0,0
23.54,10.6421664683531,-0.187466864989695,1.83116659007069,0,0
23.55,10.6743504395276,-0.187466864989695,1.82929192142079,0,0
23.56,10.6743504395276,-0.242849512660806,1.82714033953254,0,0
23.57,10.6743504395276,-0.187466864989695,1.82498875764429,0,0
23.58,10.6743504395276,-0.242849512660806,1.82283717575604,0,0
23.59,10.6743504395276,-0.187466864989695,1.82068559386778,0,0
23.6,10.727990391485,-0.187466864989695,1.81881092521789,0,0
23.61,10.727990391485,-0.187466864989695,1.81693625656799,0,0
23.62,10.727990391485,-0.187466864989695,1.81506158791809,0,0
23.63,10.727990391485,-0.152406677359627,1.81336222020635,0,0
23.64,10.7601743626594,-0.152406677359627,1.81183815343275,0,0
23.65,10.727990391485,-0.152406677359627,1.81031408665915,0,0
23.66,10.727990391485,0.0245818027557917,1.80967496228614,0,0
23.67,10.727990391485,-0.242849512660806,1.80858362373661,0,0
23.68,10.7601743626594,-0.187466864989695,1.80643204184836,0,0
23.69,10.727990391485,-0.187466864989695,1.80455737319846,0,0
23.7,10.727990391485,-0.307772604848743,1.80208117584927,0,0
23.71,10.706534410702,-0.242849512660806,1.79932806526172,0,0
23.72,10.6743504395276,0.19066293693981,1.79906713238312,0,0
23.73,10.6421664683531,0.111894124921677,1.80057991769242,0,0
23.74,10.6421664683531,0.19066293693981,1.80209270300173,0,0
23.75,10.6207104875701,-0.242849512660806,1.80183177012313,0,0
23.76,10.706534410702,0.19066293693981,1.80157083724452,0,0
23.77,10.7601743626594,0.111894124921677,1.80308362255383,0,0
23.78,10.7923583338339,0.111894124921677,1.80420256380305,0,0
23.79,10.7923583338339,0.0245818027557917,1.80488494344143,0,0
23.8,10.7923583338339,0.19066293693981,1.80596116713991,0,0
23.81,10.7601743626594,0.111894124921677,1.80747395244922,0,0
23.82,10.6743504395276,-0.152406677359627,1.80727138968703,0,0
23.83,10.6743504395276,-0.152406677359627,1.80574732291343,0,0
23.84,10.6743504395276,0.111894124921677,1.80554476015124,0,0
23.85,10.727990391485,0.0245818027557917,1.80622713978963,0,0
23.86,10.727990391485,0.111894124921677,1.80690951942802,0,0
23.87,10.7601743626594,0.111894124921677,1.80802846067723,0,0
23.88,10.7601743626594,0.0245818027557917,1.80871084031562,0,0
23.89,10.7923583338339,0.0245818027557917,1.80895665834318,0,0
23.9,10.8138143146169,-0.152406677359627,1.80831753397016,0,0
23.91,10.8138143146169,0.111894124921677,1.80811497120797,0,0
23.92,10.8674542665743,0.111894124921677,1.80923391245719,0,0
23.93,10.8674542665743,0.0245818027557917,1.80991629209557,0,0
23.94,10.8674542665743,-0.152406677359627,1.80927716772255,0,0
23.95,10.7923583338339,0.111894124921677,1.80907460496036,0,0
23.96,10.7923583338339,0.111894124921677,1.81019354620958,0,0
23.97,10.8138143146169,0.0245818027557917,1.81087592584797,0,0
23.98,10.8138143146169,0.111894124921677,1.81155830548636,0,0
23.99,10.8138143146169,0.0245818027557917,1.81224068512474,0,0
24,10.8138143146169,0.19066293693981,1.81331690882322,0,0
24.01,10.7601743626594,-0.152406677359627,1.81350819012112,0,0
24.02,10.727990391485,0.0245818027557917,1.8128690657481,0,0
24.03,10.6207104875701,-0.152406677359627,1.81222994137508,0,0
24.04,10.4705186220893,0.19066293693981,1.81242122267298,0,0
24.05,10.2345028334767,-0.152406677359627,1.81261250397088,0,0
24.06,10.0628549872129,0.0245818027557917,1.81197337959787,0,0
24.07,9.91266312173213,0.19066293693981,1.81304960329634,0,0
24.08,9.69810331390243,0.19066293693981,1.81495623266574,0,0
24.09,9.46208752528976,0.19066293693981,1.81686286203514,0,0
24.1,9.22607173667709,0.0245818027557917,1.81793908573362,0,0
24.11,9.04369590002184,0.19066293693981,1.8190153094321,0,0
24.12,8.82913609219214,0.0245818027557917,1.82009153313057,0,0
24.13,8.71112819788581,0.19066293693981,1.82116775682905,0,0
24.14,8.50729638044759,-0.187466864989695,1.8211837371888,0,0
24.15,8.23909662066047,0.0245818027557917,1.82036931187763,0,0
24.16,8.0030808320478,-0.187466864989695,1.81955488656646,0,0
24.17,7.70269710108622,-0.187466864989695,1.81768021791657,0,0
24.18,7.4344973412991,0.0245818027557917,1.8168657926054,0,0
24.19,7.28430547581831,-0.187466864989695,1.81605136729423,0,0
24.2,7.05901767759712,0.0245818027557917,1.81523694198306,0,0
24.21,6.90882581211633,0.0245818027557917,1.81548276001062,0,0
24.22,6.75863394663554,-0.307772604848743,1.81406680600015,0,0
24.23,6.54407413880584,-0.242849512660806,1.8113136954126,0,0
24.24,6.42606624449951,0.0245818027557917,1.81022235686308,0,0
24.25,6.24369040784426,0.19066293693981,1.81129858056156,0,0
24.26,6.05058658079753,0.19066293693981,1.81320520993095,0,0
24.27,5.9325786864912,0.0245818027557917,1.81428143362943,0,0
24.28,5.77165883061892,0.111894124921677,1.81496381326782,0,0
24.29,5.55709902278922,0.19066293693981,1.81647659857713,0,0
24.3,5.41763514769992,0.19066293693981,1.81838322794653,0,0
24.31,5.2138033302617,0.19066293693981,1.82028985731592,0,0
24.32,5.00997151282349,0.111894124921677,1.82180264262523,0,0
24.33,4.79541170499379,0.19066293693981,1.82331542793454,0,0
24.34,4.58085189716409,0.19066293693981,1.82522205730394,0,0
24.35,4.34483610855142,0.19066293693981,1.82712868667334,0,0
24.36,4.1410042911132,0.19066293693981,1.82903531604273,0,0
24.37,3.90498850250053,0.0245818027557917,1.83011153974121,0,0
24.38,3.65824472349638,0.0245818027557917,1.83035735776877,0,0
24.39,3.48659687723262,0.19066293693981,1.83143358146725,0,0
24.4,3.30422104057738,0.0245818027557917,1.83250980516573,0,0
24.41,3.13257319431362,-0.152406677359627,1.83187068079271,0,0
24.42,2.90728539609243,0.19066293693981,1.83206196209061,0,0
24.43,2.70345357865422,0.0245818027557917,1.83313818578908,0,0
24.44,2.53180573239046,-0.152406677359627,1.83249906141607,0,0
24.45,2.29578994377779,0.0245818027557917,1.83185993704305,0,0
24.46,2.09195812633957,0.0245818027557917,1.8321057550706,0,0
24.47,1.86667032811839,0.0245818027557917,1.83235157309816,0,0
24.48,1.72720645302908,0.0245818027557917,1.83259739112572,0,0
24.49,1.55555860676532,0.0245818027557917,1.83284320915328,0,0
24.5,1.43755071245899,0.0245818027557917,1.83308902718084,0,0
24.51,1.31954281815265,0.0245818027557917,1.83333484520839,0,0
24.52,1.20153492384632,0.0245818027557917,1.83358066323595,0,0
24.53,1.11571100071444,0.0245818027557917,1.83382648126351,0,0
24.54,1.02988707758256,0.19066293693981,1.83490270496199,0,0
24.55,0.976247125625134,-0.242849512660806,1.83464177208338,0,0
24.56,0.933335164059194,0.0245818027557917,1.83355043353386,0,0
24.57,0.847511240927314,0.0245818027557917,1.83379625156142,0,0
24.58,0.761687317795434,-0.187466864989695,1.83298182625025,0,0
24.59,0.665135404272069,0.0245818027557917,1.83216740093908,0,0
24.6,0.643679423489099,0.19066293693981,1.83324362463756,0,0
24.61,0.611495452314644,0.0245818027557917,1.83431984833603,0,0
24.62,0.579311481140189,-0.242849512660806,1.83322850978651,0,0
24.63,0.557855500357219,0.0245818027557917,1.83213717123698,0,0
24.64,0.493487558008309,0.0245818027557917,1.83238298926454,0,0
24.65,0.525671529182764,-0.187466864989695,1.83156856395337,0,0
24.66,0.461303586833854,0.0245818027557917,1.8307541386422,0,0
24.67,0.461303586833854,0.19066293693981,1.83183036234068,0,0
24.68,0.439847606050884,0.0245818027557917,1.83290658603916,0,0
24.69,0.407663634876429,0.19066293693981,1.83398280973764,0,0
24.7,0.354023682919005,0.19066293693981,1.83588943910703,0,0
24.71,0.32183971174455,0.19066293693981,1.83779606847643,0,0
24.72,0.289655740570095,0.19066293693981,1.83970269784583,0,0
24.73,0.268199759787125,0.19066293693981,1.84160932721523,0,0
24.74,0.23601578861267,0.0245818027557917,1.84268555091371,0,0
24.75,0.203831817438215,0.19066293693981,1.84376177461218,0,0
24.76,0.17164784626376,0.0245818027557917,1.84483799831066,0,0
24.77,0.15019186548079,0.19066293693981,1.84591422200914,0,0
24.78,0.118007894306335,0.19066293693981,1.84782085137854,0,0
24.79,0.118007894306335,0.0245818027557917,1.84889707507702,0,0
24.8,0.118007894306335,0.0245818027557917,1.84914289310458,0,0
24.81,0.118007894306335,0.0245818027557917,1.84938871113213,0,0
24.82,0.118007894306335,0.19066293693981,1.85046493483061,0,0
24.83,0.118007894306335,0.19066293693981,1.85237156420001,0,0
24.84,0.118007894306335,0.0245818027557917,1.85344778789849,0,0
24.85,0.0858239231318799,0.19066293693981,1.85452401159697,0,0
24.86,0.0858239231318799,0.0245818027557917,1.85560023529544,0,0
24.87,0.0858239231318799,0.19066293693981,1.85667645899392,0,0
24.88,0.0858239231318799,0.0245818027557917,1.8577526826924,0,0
24.89,0.0858239231318799,0.19066293693981,1.85882890639088,0,0
24.9,0.0858239231318799,0.19066293693981,1.86073553576028,0,0
24.91,0.0643679423489099,0.19066293693981,1.86264216512967,0,0
24.92,0.032183971174455,0.19066293693981,1.86454879449907,0,0
24.93,0.032183971174455,0.19066293693981,1.86645542386847,0,0
24.94,0.032183971174455,0.19066293693981,1.86836205323787,0,0
24.95,0.032183971174455,0.19066293693981,1.87026868260727,0,0
24.96,0.032183971174455,0.0245818027557917,1.87134490630574,0,0
24.97,0.032183971174455,0.0245818027557917,1.8715907243333,0,0
24.98,0.032183971174455,0.19066293693981,1.87266694803178,0,0
24.99,0.032183971174455,-0.152406677359627,1.87285822932968,0,0
25,0.032183971174455,0.0245818027557917,1.87221910495666,0,0
25.01,0,0.19066293693981,1.87329532865514,0,0
25.02,0,0.19066293693981,1.87520195802454,0,0
25.03,0,0.0245818027557917,1.87627818172302,0,0
25.04,0,0.0245818027557917,1.87652399975057,0,0
25.05,0,0.19066293693981,1.87760022344905,0,0
25.06,0,0.0245818027557917,1.87867644714753,0,0
25.07,0,0.0245818027557917,1.87892226517509,0,0
25.08,0,0.0245818027557917,1.87916808320265,0,0
25.09,0,0.0245818027557917,1.8794139012302,0,0
25.1,-0.0429119615659399,0.19066293693981,1.88049012492868,0,0
25.11,-0.0429119615659399,0.0245818027557917,1.88156634862716,0,0
25.12,-0.0429119615659399,0.19066293693981,1.88264257232564,0,0
25.13,-0.0429119615659399,0.19066293693981,1.88454920169504,0,0
25.14,-0.0429119615659399,0.19066293693981,1.88645583106443,0,0
25.15,-0.0429119615659399,0.19066293693981,1.88836246043383,0,0
25.16,-0.0750959327403949,0.0245818027557917,1.88943868413231,0,0
25.17,-0.0429119615659399,0.0245818027557917,1.88968450215987,0,0
25.18,-0.0429119615659399,0.19066293693981,1.89076072585835,0,0
25.19,-0.0429119615659399,0.245325122751503,1.8929406661568,0,0
25.2,-0.0429119615659399,0.245325122751503,1.89539391738432,0,0
25.21,-0.0429119615659399,0.19066293693981,1.89757385768277,0,0
25.22,-0.0429119615659399,0.19066293693981,1.89948048705217,0,0
25.23,-0.0429119615659399,0.19066293693981,1.90138711642157,0,0
25.24,-0.0429119615659399,0.19066293693981,1.90329374579097,0,0
25.25,-0.0429119615659399,0.19066293693981,1.90520037516037,0,0
25.26,-0.0429119615659399,0.19066293693981,1.90710700452977,0,0
25.27,-0.0429119615659399,0.19066293693981,1.90901363389916,0,0
25.28,-0.0429119615659399,0.19066293693981,1.91092026326856,0,0
25.29,-0.0429119615659399,0.0245818027557917,1.91199648696704,0,0
25.3,-0.0429119615659399,0.19066293693981,1.91307271066552,0,0
25.31,-0.0429119615659399,0.0245818027557917,1.914148934364,0,0
25.32,-0.0429119615659399,-0.187466864989695,1.91333450905283,0,0
25.33,-0.0429119615659399,0.0245818027557917,1.91252008374166,0,0
25.34,-0.0429119615659399,0.0245818027557917,1.91276590176921,0,0
25.35,-0.0429119615659399,0.0245818027557917,1.91301171979677,0,0
25.36,-0.0429119615659399,0.0245818027557917,1.91325753782433,0,0
25.37,-0.0429119615659399,0.19066293693981,1.91433376152281,0,0
25.38,-0.0750959327403949,0.19066293693981,1.91624039089221,0,0
25.39,-0.0429119615659399,0.19066293693981,1.9181470202616,0,0
25.4,-0.0429119615659399,0.268515262170148,1.92044291125715,0,0
25.41,-0.0429119615659399,0.268515262170148,1.92312806387886,0,0
25.42,-0.0429119615659399,0.268515262170148,1.92581321650056,0,0
25.43,-0.0429119615659399,0.268515262170148,1.92849836912226,0,0
25.44,-0.0429119615659399,0.268515262170148,1.93118352174396,0,0
25.45,-0.0429119615659399,0.268515262170148,1.93386867436566,0,0
25.46,-0.0429119615659399,0.0245818027557917,1.93533415969029,0,0
25.47,-0.0750959327403949,0.19066293693981,1.93641038338877,0,0
25.48,-0.0429119615659399,0.19066293693981,1.93831701275817,0,0
25.49,-0.0750959327403949,0.0245818027557917,1.93939323645665,0,0
25.5,-0.0750959327403949,0.0245818027557917,1.9396390544842,0,0
25.51,-0.0750959327403949,-0.187466864989695,1.93882462917303,0,0
25.52,-0.0750959327403949,-0.187466864989695,1.93694996052314,0,0
25.53,-0.0750959327403949,0.0245818027557917,1.93613553521197,0,0
25.54,-0.10727990391485,-0.187466864989695,1.9353211099008,0,0
25.55,-0.10727990391485,-0.187466864989695,1.9334464412509,0,0
25.56,-0.10727990391485,0.0245818027557917,1.93263201593973,0,0
25.57,-0.0750959327403949,0.0245818027557917,1.93287783396729,0,0
25.58,-0.10727990391485,0.0245818027557917,1.93312365199485,0,0
25.59,-0.10727990391485,0.0245818027557917,1.93336947002241,0,0
25.6,-0.10727990391485,0.0245818027557917,1.93361528804996,0,0
25.61,-0.10727990391485,0.19066293693981,1.93469151174844,0,0
25.62,-0.10727990391485,0.19066293693981,1.93659814111784,0,0
25.63,-0.139463875089305,0.19066293693981,1.93850477048724,0,0
25.64,-0.139463875089305,0.19066293693981,1.94041139985664,0,0
25.65,-0.139463875089305,0.19066293693981,1.94231802922603,0,0
25.66,-0.10727990391485,0.19066293693981,1.94422465859543,0,0
25.67,-0.139463875089305,0.19066293693981,1.94613128796483,0,0
25.68,-0.139463875089305,0.19066293693981,1.94803791733423,0,0
25.69,-0.139463875089305,0.19066293693981,1.94994454670363,0,0
25.7,-0.10727990391485,0.19066293693981,1.95185117607303,0,0
25.71,-0.139463875089305,0.0245818027557917,1.9529273997715,0,0
25.72,-0.10727990391485,0.0245818027557917,1.95317321779906,0,0
25.73,-0.10727990391485,0.0245818027557917,1.95341903582662,0,0
25.74,-0.10727990391485,0.0245818027557917,1.95366485385418,0,0
25.75,-0.10727990391485,0.19066293693981,1.95474107755266,0,0
25.76,-0.139463875089305,0.19066293693981,1.95664770692205,0,0
25.77,-0.10727990391485,0.19066293693981,1.95855433629145,0,0
25.78,-0.10727990391485,0.19066293693981,1.96046096566085,0,0
25.79,-0.139463875089305,0.111894124921677,1.96197375097016,0,0
25.8,-0.10727990391485,0.19066293693981,1.96348653627946,0,0
25.81,-0.10727990391485,0.0245818027557917,1.96456275997794,0,0
25.82,-0.10727990391485,-0.187466864989695,1.96374833466677,0,0
25.83,-0.139463875089305,-0.187466864989695,1.96187366601688,0,0
25.84,-0.139463875089305,0.0245818027557917,1.96105924070571,0,0
25.85,-0.139463875089305,-0.187466864989695,1.96024481539454,0,0
25.86,-0.139463875089305,-0.187466864989695,1.95837014674464,0,0
25.87,-0.10727990391485,0.0245818027557917,1.95755572143347,0,0
25.88,-0.139463875089305,0.0245818027557917,1.95780153946103,0,0
25.89,-0.10727990391485,0.0245818027557917,1.95804735748859,0,0
25.9,-0.10727990391485,-0.187466864989695,1.95723293217742,0,0
25.91,-0.10727990391485,-0.187466864989695,1.95535826352752,0,0
25.92,-0.10727990391485,0.0245818027557917,1.95454383821635,0,0
25.93,-0.10727990391485,0.19066293693981,1.95562006191483,0,0
25.94,-0.10727990391485,0.19066293693981,1.95752669128423,0,0
25.95,-0.10727990391485,0.19066293693981,1.95943332065362,0,0
25.96,-0.139463875089305,0.0245818027557917,1.9605095443521,0,0
25.97,-0.10727990391485,0.19066293693981,1.96158576805058,0,0
25.98,-0.10727990391485,0.0245818027557917,1.96266199174906,0,0
25.99,-0.10727990391485,0.19066293693981,1.96373821544754,0,0
26,-0.139463875089305,0.0245818027557917,1.96481443914602,0,0
26.01,-0.10727990391485,0.19066293693981,1.96589066284449,0,0
26.02,-0.10727990391485,0.0245818027557917,1.96696688654297,0,0
26.03,-0.10727990391485,0.0245818027557917,1.96721270457053,0,0
26.04,-0.10727990391485,-0.187466864989695,1.96639827925936,0,0
26.05,-0.0750959327403949,-0.187466864989695,1.96452361060946,0,0
26.06,-0.0750959327403949,0.0245818027557917,1.96370918529829,0,0
26.07,-0.0750959327403949,0.0245818027557917,1.96395500332585,0,0
26.08,-0.0750959327403949,-0.187466864989695,1.96314057801468,0,0
26.09,-0.0750959327403949,-0.187466864989695,1.96126590936478,0,0
26.1,-0.0750959327403949,0.0245818027557917,1.96045148405362,0,0
26.11,-0.0750959327403949,0.0245818027557917,1.96069730208117,0,0
26.12,-0.0750959327403949,0.0245818027557917,1.96094312010873,0,0
26.13,-0.0750959327403949,0.0245818027557917,1.96118893813629,0,0
26.14,-0.0750959327403949,0.0245818027557917,1.96143475616385,0,0
26.15,-0.10727990391485,0.0245818027557917,1.96168057419141,0,0
26.16,-0.139463875089305,0.0245818027557917,1.96192639221896,0,0
26.17,-0.139463875089305,0.0245818027557917,1.96217221024652,0,0
26.18,-0.160919855872275,-0.187466864989695,1.96135778493535,0,0
26.19,-0.160919855872275,0.0245818027557917,1.96054335962418,0,0
26.2,-0.160919855872275,-0.187466864989695,1.95972893431301,0,0
26.21,-0.27892775017861,0.0245818027557917,1.95891450900184,0,0
26.22,-0.36475167331049,-0.152406677359627,1.95827538462882,0,0
26.23,-0.396935644484945,0.0245818027557917,1.9576362602558,0,0
26.24,-0.429119615659399,0.19066293693981,1.95871248395428,0,0
26.25,-0.482759567616824,0.19066293693981,1.96061911332368,0,0
26.26,-0.482759567616824,0.19066293693981,1.96252574269308,0,0
26.27,-0.482759567616824,0.19066293693981,1.96443237206248,0,0
26.28,-0.450575596442369,0.19066293693981,1.96633900143188,0,0
26.29,-0.514943538791279,0.245325122751503,1.96851894173033,0,0
26.3,-0.600767461923159,0.245325122751503,1.97097219295785,0,0
26.31,-0.632951433097614,0.19066293693981,1.9731521332563,0,0
26.32,-1.05134305836553,0.362878212138203,1.97591983900169,0,0
26.33,-1.96322224164175,0.524092509799345,1.98035469261138,0,0
26.34,-1.89885429929284,0.500840192573689,1.98547935612325,0,0
26.35,-1.69502248185463,0.46378099141886,1.99030246204321,0,0
26.36,-1.43755071245899,0.394350931500288,1.9945931216578,0,0
26.37,-1.11571100071444,0.346070175946087,1.99829522719504,0,0
26.38,-0.922607173667709,0.30972973113479,2.00157422673044,0,0
26.39,-0.890423202493254,0.245325122751503,2.00434950099987,0,0
26.4,-0.804599279361374,0.30972973113479,2.0071247752693,0,0
26.41,-0.836783250535829,0.30972973113479,2.01022207258065,0,0
26.42,-0.858239231318799,0.30972973113479,2.013319369892,0,0
26.43,-0.922607173667709,0.30972973113479,2.01641666720335,0,0
26.44,-1.01915908719107,0.346070175946087,2.01969566673875,0,0
26.45,-1.11571100071444,0.30972973113479,2.02297466627416,0,0
26.46,-1.26590286619523,0.30972973113479,2.0260719635855,0,0
26.47,-1.40536674128453,0.346070175946087,0,0,0
26.48,-1.55555860676532,0.394350931500288,0.00370210553723188,0,0
26.49,-1.6413825298972,0.423491106761017,0.00779131572853841,0,0
26.5,-1.78084640498651,0.423491106761017,0.0120262267961486,0,0
26.51,-1.89885429929284,0.46378099141886,0.016462587287048,0,0
26.52,-2.08123013594809,0.500840192573689,0.0212856932070107,0,0
26.53,-2.18851003986294,0.500840192573689,0.0262940951327476,0,0
26.54,-2.29578994377779,0.524092509799345,0.0314187586446128,0,0
26.55,-2.3601578861267,0.608277239546148,0.0370806073913402,0,0
26.56,-2.53180573239046,0.636984529361326,0.0433069162358776,0,0
26.57,-2.64981362669679,0.636984529361327,0.0496767615294909,0,0
26.58,-2.82146147296055,0.682150600287053,0.0562724371777328,0,0
26.59,-2.88582941530946,0.707868301287588,0.063222531685606,0,0
26.6,-3.0038373096158,0.682150600287053,0.0701726261934792,0,0
26.61,-3.18621314627104,0.740770985277385,0.0772872341213014,0,0
26.62,-3.45441290605817,0.748770781210172,0.0847349429537392,0,0
26.63,-3.5724208003645,0.787551797420593,0.092416555846893,0,0
26.64,-3.82989256976014,0.859882628777345,0.100653727977883,0,0
26.65,-4.2161002238536,0.824510754597369,0.109075694894756,0,0
26.66,-4.37702007972587,0.939356427165001,0.117895030803568,0,0
26.67,-4.28046816620251,0.958195485144855,0.127382790365117,0,0
26.68,-4.69885979147042,0.988796611330308,0.137117750847493,0,0
26.69,-4.83832366655973,1.03587980958237,0.147241132952057,0,0
26.7,-4.7846837146023,0.994803884563969,0.157394551422788,0,0
26.71,-4.999243522432,1.02431192493785,0.167490130470297,0,0
26.72,-5.05288347438943,1.05299338573241,0.177876657023649,0,0
26.73,-5.08506744556388,1.03587980958237,0.188321023000222,0,0
26.74,-5.08506744556388,1.00671089647132,0.198533976530491,0,0
26.75,-4.999243522432,1.03587980958237,0.208746930060759,0,0
26.76,-5.22453132065319,1.08091406745518,0.219330899445947,0,0
26.77,-5.11725141673834,1.0473199321272,0.229972069443859,0,0
26.78,-5.17089136869576,1.0473199321272,0.240445268765131,0,0
26.79,-5.17089136869576,1.05299338573241,0.250946835354429,0,0
26.8,-5.11725141673834,1.02431192493785,0.26133336190778,0,0
26.81,-5.5034590708318,1.00671089647132,0.271488476014826,0,0
26.82,-5.34253921495952,1.02431192493785,0.281643590121872,0,0
26.83,-5.32108323417655,1.12414565895377,0.29238587804133,0,0
26.84,-5.32108323417655,1.09732552677786,0.303493233969988,0,0
26.85,-5.58928299396368,1.10813147778087,0.314520518992782,0,0
26.86,-5.4283631380914,1.16065312376328,0.325864442000503,0,0
26.87,-5.79311481140189,1.10813147778087,0.337208365008223,0,0
26.88,-5.76093084022744,1.1759522797279,0.348628783795767,0,0
26.89,-5.79311481140189,1.13469622493209,0.360182026319067,0,0
26.9,-5.67510691709556,1.16065312376328,0.371658773062544,0,0
26.91,-5.87893873453377,1.16065312376328,0.383265304300177,0,0
26.92,-6.03985859040605,1.20101786623828,0.395073659250185,0,0
26.93,-6.09349854236347,1.1503406510121,0.406830451836437,0,0
26.94,-5.91112270570823,1.19105493353289,0.418537429759162,0,0
26.95,-6.06131457118902,1.1759522797279,0.430372465825465,0,0
26.96,-6.1471384943209,1.22557091424767,0.442380081795343,0,0
26.97,-6.12568251353793,1.16065312376328,0.454311201985398,0,0
26.98,-6.23296241745278,1.1759522797279,0.465994229002854,0,0
26.99,-6.38315428293357,1.16065312376328,0.47767725602031,0,0
27,-6.23296241745278,1.24006941593834,0.489680868718818,0,0
27.01,-6.29733035980169,1.27325738462516,0.502247502721636,0,0
27.02,-6.17932246549535,1.20101786623828,0.514618878975953,0,0
27.03,-6.06131457118902,1.235255490245,0.526800245758369,0,0
27.04,-6.29733035980169,1.25914108701397,0.539272228644664,0,0
27.05,-6.17932246549535,1.235255490245,0.551744211530959,0,0
27.06,-6.53334614841436,1.27325738462516,0.56428677590531,0,0
27.07,-6.35097031175911,1.19105493353289,0.5766083374961,0,0
27.08,-6.46897820606545,1.25440035349224,0.588835613931226,0,0
27.09,-6.17932246549535,1.28258193805816,0.601520525388977,0,0
27.1,-6.38315428293357,1.27325738462516,0.614299722002394,0,0
27.11,-6.62989806193772,1.30560199856593,0.62719401891835,0,0
27.12,-6.32951433097614,1.25914108701397,0.640017734346249,0,0
27.13,-6.41533825410802,1.2918391881978,0.652772635722308,0,0
27.14,-6.74790595624406,1.29644302548505,0.665714046790722,0,0
27.15,-6.76936193702703,1.24006941593834,0.678396608997839,0,0
27.16,-6.83372987937594,1.2918391881978,0.69105615201852,0,0
27.17,-6.53334614841436,1.27325738462516,0.703881634882635,0,0
27.18,-6.53334614841436,1.24486472618953,0.716472245436708,0,0
27.19,-6.43679423489099,1.25914108701397,0.728992274502726,0,0
27.2,-6.21150643666981,1.3504654309948,0.742040307092769,0,0
27.21,-6.58698610037178,1.235255490245,0.754968911698968,0,0
27.22,-6.62989806193772,1.18604208379289,0.767075399569158,0,0
27.23,-6.65135404272069,1.24486472618953,0.77922993361907,0,0
27.24,-6.76936193702703,1.28258193805816,0.791867166940308,0,0
27.25,-6.62989806193772,1.235255490245,0.804456354081824,0,0
27.26,-6.68353801389515,1.24486472618953,0.816856955163997,0,0
27.27,-6.53334614841436,1.24486472618953,0.829305602425892,0,0
27.28,-6.62989806193772,1.30560199856593,0.842057936049669,0,0
27.29,-6.7157219850696,1.25440035349224,0.85485794780996,0,0
27.3,-6.46897820606545,1.28258193805816,0.867542859267712,0,0
27.31,-6.76936193702703,1.235255490245,0.880132046409228,0,0
27.32,-6.85518586015891,1.27792816608281,0.892697964690867,0,0
27.33,-6.38315428293357,1.22557091424767,0.905215460092519,0,0
27.34,-6.43679423489099,1.30103057169849,0.91784846752225,0,0
27.35,-6.5011621772399,1.27792816608281,0.930743261211157,0,0
27.36,-6.74790595624406,1.235255490245,0.943309179492796,0,0
27.37,-6.68353801389515,1.30560199856593,0.95601346693685,0,0
27.38,-6.5011621772399,1.32822314747397,0.96918259266705,0,0
27.39,-6.43679423489099,1.24486472618953,0.982048032035367,0,0
27.4,-6.85518586015891,1.2918391881978,0.994731551607304,0,0
27.41,-6.62989806193772,1.26856940580216,1.0075335945773,0,0
27.42,-6.68353801389515,1.22069981391193,1.01997994067587,0,0
27.43,-6.46897820606545,1.20101786623828,1.03208852907663,0,0
27.44,-6.7157219850696,1.23042273061543,1.04424573206089,0,0
27.45,-6.41533825410802,1.20101786623828,1.05640293504516,0,0
27.46,-5.97549064805714,1.24006941593834,1.06860837145605,0,0
27.47,-6.21150643666981,1.22557091424767,1.08093657310698,0,0
27.48,-6.03985859040605,1.22557091424767,1.09319228224945,0,0
27.49,-6.09349854236347,1.18604208379289,1.10525034723966,0,0
27.5,-6.1471384943209,1.25914108701397,1.11747626309369,0,0
27.51,-6.26514638862723,1.31469716626677,1.13034545436009,0,0
27.52,-6.17932246549535,1.19105493353289,1.14287421485909,0,0
27.53,-6.29733035980169,1.24006941593834,1.15502983660645,0,0
27.54,-6.43679423489099,1.22069981391193,1.1673336827557,0,0
27.55,-6.23296241745278,1.20101786623828,1.17944227115645,0,0
27.56,-6.1471384943209,1.24486472618953,1.19167168411859,0,0
27.57,-6.00767461923159,1.22557091424767,1.20402386232078,0,0
27.58,-6.09349854236347,1.26856940580216,1.21649456392102,0,0
27.59,-5.70729088827001,1.20101786623828,1.22884250028123,0,0
27.6,-5.97549064805714,1.08091406745518,1.24025215994969,0,0
27.61,-5.9325786864912,1.16577515150509,1.2514856060445,0,0
27.62,-5.84675476335932,1.25440035349224,1.26358648356948,0,0
27.63,-6.1471384943209,1.19105493353289,1.27581376000461,0,0
27.64,-6.1471384943209,1.21089882952875,1.28782352881992,0,0
27.65,-6.1471384943209,1.20596846774235,1.29990786530627,0,0
27.66,-5.87893873453377,1.25914108701397,1.31223341308005,0,0
27.67,-5.82529878257635,1.22557091424767,1.32465697308636,0,0
27.68,-5.87893873453377,1.19105493353289,1.33674010232526,0,0
27.69,-5.79311481140189,1.13469622493209,1.34836885811759,0,0
27.7,-5.84675476335932,1.1759522797279,1.35992210064089,0,0
27.71,-5.37472318613398,1.19105493353289,1.37175713670719,0,0
27.72,-5.6429229459211,1.09732552677786,1.38319903900875,0,0
27.73,-5.40690715730843,1.1503406510121,1.3944373698977,0,0
27.74,-5.47127509965734,1.12414565895377,1.40580980144753,0,0
27.75,-5.53564304200625,1.16577515150509,1.41725940549982,0,0
27.76,-5.70729088827001,1.14514958988146,1.42881402920675,0,0
27.77,-5.62146696513813,1.1759522797279,1.4404195385548,0,0
27.78,-5.55709902278922,1.1759522797279,1.45217906135208,0,0
27.79,-5.55709902278922,1.1503406510121,1.46381052600578,0,0
27.8,-5.4283631380914,1.14514958988146,1.47528797721025,0,0
27.81,-5.40690715730843,1.13993488982503,1.48671339960878,0,0
27.82,-5.17089136869576,1.13469622493209,1.49808655518256,0,0
27.83,-5.20307533987022,1.06983323975841,1.50910920250602,0,0
27.84,-5.34253921495952,1.06424956223938,1.51977961651601,0,0
27.85,-4.90269160890864,1.0473199321272,1.53033746398784,0,0
27.86,-4.83832366655973,1.03587980958237,1.54075346269639,0,0
27.87,-4.63449184912151,1.00671089647132,1.55096641622665,0,0
27.88,-4.28046816620251,0.958195485144855,1.56079094813474,0,0
27.89,-4.19464424307063,0.945677813751311,1.57031031462922,0,0
27.9,-4.07663634876429,0.907088940749406,1.57957414840172,0,0
27.91,-4.01226840641538,0.926584284847131,1.5887425145297,0,0
27.92,-3.89426051210905,0.926584284847131,1.59800835737817,0,0
27.93,-3.79770859858569,0.893855853087819,1.60711055806785,0,0
27.94,-3.69042869467084,0.89385585308782,1.61604911659873,0,0
27.95,-3.50805285801559,0.802539652572341,1.62453109412703,0,0
27.96,-3.40077295410074,0.802539652572341,1.63255649065275,0,0
27.97,-3.18621314627104,0.802539652572341,1.64058188717847,0,0
27.98,-3.06820525196471,0.724506447382148,1.64821711767825,0,0
27.99,-2.82146147296055,0.707868301287588,1.6553789914216,0,0
28,-2.58544568434788,0.636984529361327,1.66210325557484,0,0
28.01,-2.24214999182036,0.636984529361326,1.66847310086845,0,0
28.02,-1.96322224164175,0.578146270120367,1.67454875486586,0,0
28.03,-1.84521434733542,0.524092509799345,1.68005994876546,0,0
28.04,-1.52337463559087,0.535340068548058,1.6853571116572,0,0
28.05,-1.2873588469782,0.423491106761017,1.69015126753374,0,0
28.06,-0.976247125625134,0.346070175946087,1.69399907394728,0,0
28.07,-0.654407413880584,0.245325122751503,1.69695605044077,0,0
28.08,-0.34329569252752,0.19066293693981,1.69913599073922,0,0
28.09,0,0.0245818027557917,1.7002122144377,0,0
28.1,0.118007894306335,-0.242849512660806,1.69912087588818,0,0
28.11,0.783143298578404,-0.487561625108599,1.69546882019933,0,0
28.12,0.761687317795434,-0.422061828944791,1.69092070292906,0,0
28.13,1.2873588469782,-0.344319672144806,1.68708879542361,0,0
28.14,1.75939042420354,-0.377343473451487,1.68348047969563,0,0
28.15,2.29578994377779,-0.344319672144806,1.67987216396765,0,0
28.16,2.96092534804986,-0.392815640118486,1.67618648740633,0,0
28.17,3.42222893488371,-0.344319672144806,1.67250081084502,0,0
28.18,3.69042869467084,-0.462476245820271,1.66846683125519,0,0
28.19,4.22682821424508,-0.422061828944791,1.66404414088137,0,0
28.2,4.94560357047458,-0.287763698423059,1.66049501324453,0,0
28.21,5.58928299396368,0.111894124921677,1.65961566537702,0,0
28.22,6.15786648471238,-0.242849512660806,1.65896088843833,0,0
28.23,6.54407413880584,-0.242849512660806,1.65653239331172,0,0
28.24,6.96246576407376,-0.242849512660806,1.65410389818511,0,0
28.25,7.144841600729,-0.187466864989695,1.65195231629686,0,0
28.26,7.70269710108622,-0.152406677359627,1.65025294858511,0,0
28.27,8.03526480322225,0.0245818027557917,1.64961382421209,0,0
28.28,8.20691264948601,-0.187466864989695,1.64879939890092,0,0
28.29,8.29273657261789,-0.242849512660806,1.64664781701267,0,0
28.3,8.33564853418383,-0.187466864989695,1.64449623512442,0,0
28.31,8.36783250535829,0.0245818027557917,1.64368180981325,0,0
28.32,8.36783250535829,-0.152406677359627,1.64304268544023,0,0
28.33,8.27128059183493,-0.152406677359627,1.64151861866663,0,0
28.34,8.06744877439671,0.0245818027557917,1.64087949429361,0,0
28.35,7.91725690891592,0.268515262170148,1.64234497961824,0,0
28.36,7.82070499539256,0.19066293693981,1.64464087061379,0,0
28.37,7.70269710108622,0.111894124921677,1.6461536559231,0,0
28.38,7.58468920677988,0.111894124921677,1.64727259717232,0,0
28.39,7.53104925482246,0.19066293693981,1.64878538248162,0,0
28.4,7.498865283648,0.19066293693981,1.65069201185102,0,0
28.41,7.47740930286504,0.111894124921677,1.65220479716033,0,0
28.42,7.47740930286504,0.268515262170148,1.65410684409579,0,0
28.43,7.47740930286504,0.19066293693981,1.65640273509134,0,0
28.44,7.47740930286504,-0.152406677359627,1.65659401638924,0,0
28.45,7.47740930286504,-0.242849512660806,1.65461773543914,0,0
28.46,7.53104925482246,-0.152406677359627,1.65264145448903,0,0
28.47,7.6490571491288,-0.152406677359627,1.65111738771544,0,0
28.48,7.82070499539256,0.0245818027557917,1.65047826334242,0,0
28.49,7.94944088009037,-0.152406677359627,1.6498391389694,0,0
28.5,8.12108872635413,-0.242849512660806,1.6478628580193,0,0
28.51,8.36783250535829,-0.187466864989695,1.64571127613104,0,0
28.52,8.50729638044759,-0.187466864989695,1.64383660748115,0,0
28.53,8.68967221710284,-0.242849512660806,1.6416850255929,0,0
28.54,8.79695212101769,0.111894124921677,1.6410302486542,0,0
28.55,8.99005594806442,-0.152406677359627,1.64082768589201,0,0
28.56,9.12951982315372,-0.152406677359627,1.63930361911841,0,0
28.57,9.37626360215788,0.111894124921677,1.63910105635622,0,0
28.58,9.49427149646421,-0.152406677359627,1.63889849359403,0,0
28.59,9.66591934272797,-0.152406677359627,1.63737442682044,0,0
28.6,9.80538321781728,-0.152406677359627,1.63585036004684,0,0
28.61,9.97703106408104,0.111894124921677,1.63564779728465,0,0
28.62,10.1164949391703,0.19066293693981,1.63716058259396,0,0
28.63,10.2666868046511,-0.242849512660806,1.63689964971535,0,0
28.64,10.4383346509149,-0.242849512660806,1.63447115458875,0,0
28.65,10.6207104875701,-0.152406677359627,1.63249487363864,0,0
28.66,10.727990391485,-0.242849512660806,1.63051859268854,0,0
28.67,10.9318222089232,-0.242849512660806,1.62809009756193,0,0
28.68,11.1356540263614,-0.152406677359627,1.62611381661183,0,0
28.69,11.3073018726252,-0.152406677359627,1.62458974983823,0,0
28.7,11.4467657477145,-0.152406677359627,1.62306568306464,0,0
28.71,11.6613255555442,-0.242849512660806,1.62108940211454,0,0
28.72,11.8544293825909,-0.307772604848743,1.61833629152699,0,0
28.73,11.9402533057228,-0.242849512660806,1.61558318093944,0,0
28.74,12.0475332096376,0.0245818027557917,1.61449184238992,0,0
28.75,12.0797171808121,0.0245818027557917,1.61473766041747,0,0
28.76,12.1977250751184,0.19066293693981,1.61581388411595,0,0
28.77,12.2513650270759,-0.152406677359627,1.61600516541385,0,0
28.78,12.3157329694248,0.0245818027557917,1.61536604104083,0,0
28.79,12.4015568925566,0.19066293693981,1.61644226473931,0,0
28.8,12.49810880608,0.0245818027557917,1.61751848843779,0,0
28.81,12.5839327292119,0.0245818027557917,1.61776430646535,0,0
28.82,12.6161167003863,0.0245818027557917,1.61801012449291,0,0
28.83,12.6483006715608,0.19066293693981,1.61908634819138,0,0
28.84,12.7019406235182,0.0245818027557917,1.62016257188986,0,0
28.85,12.7877645466501,-0.242849512660806,1.61907123334034,0,0
28.86,12.8843164601735,0.111894124921677,1.61841645640164,0,0
28.87,12.9701403833053,-0.152406677359627,1.61821389363945,0,0
28.88,13.0666922968287,-0.152406677359627,1.61668982686585,0,0
28.89,13.1203322487861,0.0245818027557917,1.61605070249284,0,0
28.9,13.2168841623095,0.111894124921677,1.61673308213122,0,0
28.91,13.2812521046584,-0.152406677359627,1.61653051936903,0,0
28.92,13.3027080854414,-0.152406677359627,1.61500645259544,0,0
28.93,13.3670760277903,-0.152406677359627,1.61348238582184,0,0
28.94,13.4528999509222,0.111894124921677,1.61327982305965,0,0
28.95,13.5065399028796,-0.152406677359627,1.61307726029746,0,0
28.96,13.5387238740541,-0.152406677359627,1.61155319352386,0,0
28.97,13.5923638260115,-0.242849512660806,1.60957691257376,0,0
28.98,13.6245477971859,0.0245818027557917,1.60848557402424,0,0
28.99,13.6567317683604,-0.242849512660806,1.60739423547471,0,0
29,13.6781877491434,-0.152406677359627,1.60541795452461,0,0
29.01,13.7103717203178,-0.242849512660806,1.60344167357451,0,0
29.02,13.7103717203178,0.0245818027557917,1.60235033502498,0,0
29.03,13.7747396626667,0.0245818027557917,1.60259615305254,0,0
29.04,13.7961956434497,-0.242849512660806,1.60150481450302,0,0
29.05,13.8391076050156,-0.152406677359627,1.59952853355291,0,0
29.06,13.7747396626667,0.0245818027557917,1.59888940917989,0,0
29.07,13.7747396626667,0.111894124921677,1.59957178881828,0,0
29.08,13.7425556914923,0.0245818027557917,1.60025416845667,0,0
29.09,13.7103717203178,0.19066293693981,1.60133039215515,0,0
29.1,13.7103717203178,0.111894124921677,1.60284317746445,0,0
29.11,13.7103717203178,0.0245818027557917,1.60352555710284,0,0
29.12,13.6781877491434,-0.242849512660806,1.60243421855332,0,0
29.13,13.6781877491434,0.111894124921677,1.60177944161462,0,0
29.14,13.6781877491434,-0.152406677359627,1.60157687885243,0,0
29.15,13.6567317683604,-0.152406677359627,1.60005281207883,0,0
29.16,13.6567317683604,0.19066293693981,1.60024409337674,0,0
29.17,13.6245477971859,0.19066293693981,1.60215072274613,0,0
29.18,13.5923638260115,0.268515262170148,1.60444661374168,0,0
29.19,13.5387238740541,0.0245818027557917,1.60591209906631,0,0
29.2,13.5387238740541,0.268515262170148,1.60737758439094,0,0
29.21,13.5065399028796,0.19066293693981,1.60967347538649,0,0
29.22,13.5065399028796,0.0245818027557917,1.61074969908497,0,0
29.23,13.4528999509222,0.19066293693981,1.61182592278345,0,0
29.24,13.4528999509222,0.19066293693981,1.61373255215285,0,0
29.25,13.4743559317051,0.19066293693981,1.61563918152224,0,0
29.26,13.4207159797477,0.19066293693981,1.61754581089164,0,0
29.27,13.4528999509222,0.111894124921677,1.61905859620095,0,0
29.28,13.4207159797477,-0.152406677359627,1.61885603343876,0,0
29.29,13.4528999509222,0.0245818027557917,1.61821690906574,0,0
29.3,13.4528999509222,-0.152406677359627,1.61757778469272,0,0
29.31,13.4743559317051,0.111894124921677,1.61737522193053,0,0
29.32,13.4528999509222,-0.152406677359627,1.61717265916834,0,0
29.33,13.4743559317051,0.0245818027557917,1.61653353479532,0,0
29.34,13.4528999509222,-0.152406677359627,1.6158944104223,0,0
29.35,13.4743559317051,0.0245818027557917,1.61525528604928,0,0
29.36,13.4743559317051,-0.152406677359627,1.61461616167626,0,0
29.37,13.5065399028796,0.111894124921677,1.61441359891408,0,0
29.38,13.5065399028796,0.111894124921677,1.61553254016329,0,0
29.39,13.5709078452285,0.19066293693981,1.6170453254726,0,0
29.4,13.5387238740541,0.111894124921677,1.61855811078191,0,0
29.41,13.5923638260115,-0.152406677359627,1.61835554801972,0,0
29.42,13.6245477971859,0.19066293693981,1.61854682931762,0,0
29.43,13.5923638260115,0.0245818027557917,1.6196230530161,0,0
29.44,13.5923638260115,0.19066293693981,1.62069927671457,0,0
29.45,13.6245477971859,-0.152406677359627,1.62089055801247,0,0
29.46,13.6567317683604,0.111894124921677,1.62068799525029,0,0
29.47,13.6781877491434,0.111894124921677,1.6218069364995,0,0
29.48,13.6781877491434,0.111894124921677,1.62292587774872,0,0
29.49,13.7103717203178,0.19066293693981,1.62443866305803,0,0
29.5,13.7747396626667,0.19066293693981,1.62634529242742,0,0
29.51,13.7747396626667,-0.152406677359627,1.62653657372533,0,0
29.52,13.8391076050156,-0.152406677359627,1.62501250695173,0,0
29.53,13.8391076050156,-0.152406677359627,1.62348844017813,0,0
29.54,13.8712915761901,0.0245818027557917,1.62284931580511,0,0
29.55,13.8391076050156,-0.152406677359627,1.62221019143209,0,0
29.56,13.8712915761901,0.19066293693981,1.62240147272999,0,0
29.57,13.8391076050156,0.19066293693981,1.62430810209939,0,0
29.58,13.8712915761901,0.19066293693981,1.62621473146879,0,0
29.59,13.8712915761901,-0.152406677359627,1.62640601276669,0,0
29.6,13.8712915761901,0.19066293693981,1.62659729406459,0,0
29.61,13.8927475569731,-0.242849512660806,1.62633636118599,0,0
29.62,13.9678434897135,-0.152406677359627,1.62436008023589,0,0
29.63,14.0214834416709,-0.152406677359627,1.62283601346229,0,0
29.64,14.1073073648028,-0.152406677359627,1.62131194668869,0,0
29.65,14.1394913359772,0.111894124921677,1.6211093839265,0,0
29.66,14.1716753071517,-0.152406677359627,1.62090682116431,0,0
29.67,14.1716753071517,-0.242849512660806,1.61893054021421,0,0
29.68,14.1931312879346,0.0245818027557917,1.61783920166469,0,0
29.69,14.1931312879346,-0.242849512660806,1.61674786311516,0,0
29.7,14.2253152591091,0.111894124921677,1.61609308617647,0,0
29.71,14.2574992302835,0.111894124921677,1.61721202742568,0,0
29.72,14.289683201458,-0.152406677359627,1.61700946466349,0,0
29.73,14.311139182241,0.111894124921677,1.6168069019013,0,0
29.74,14.3433231534154,-0.152406677359627,1.61660433913911,0,0
29.75,14.3755071245899,0.111894124921677,1.61640177637692,0,0
29.76,14.3969631053729,-0.152406677359627,1.61619921361473,0,0
29.77,14.4291470765473,-0.152406677359627,1.61467514684114,0,0
29.78,14.4291470765473,-0.242849512660806,1.61269886589103,0,0
29.79,14.4935150188962,0.111894124921677,1.61204408895234,0,0
29.8,14.4935150188962,-0.152406677359627,1.61184152619015,0,0
29.81,14.5149709996792,0.19066293693981,1.61203280748805,0,0
29.82,14.5149709996792,-0.152406677359627,1.61222408878595,0,0
29.83,14.5471549708536,-0.152406677359627,1.61070002201235,0,0
29.84,14.6007949228111,0.111894124921677,1.61049745925016,0,0
29.85,14.6329788939855,0.111894124921677,1.61161640049938,0,0
29.86,14.6329788939855,-0.152406677359627,1.61141383773719,0,0
29.87,14.6329788939855,-0.152406677359627,1.6098897709636,0,0
29.88,14.6329788939855,0.0245818027557917,1.60925064659058,0,0
29.89,14.6007949228111,-0.152406677359627,1.60861152221756,0,0
29.9,14.6329788939855,0.0245818027557917,1.60797239784454,0,0
29.91,14.6007949228111,0.0245818027557917,1.6082182158721,0,0
29.92,14.5793389420281,-0.152406677359627,1.60757909149908,0,0
29.93,14.5793389420281,-0.152406677359627,1.60605502472548,0,0
29.94,14.5793389420281,-0.152406677359627,1.60453095795188,0,0
29.95,14.5793389420281,-0.152406677359627,1.60300689117829,0,0
29.96,14.5471549708536,-0.152406677359627,1.60148282440469,0,0
29.97,14.5471549708536,-0.152406677359627,1.59995875763109,0,0
29.98,14.5149709996792,-0.152406677359627,1.5984346908575,0,0
29.99,14.4935150188962,-0.152406677359627,1.5969106240839,0,0
30,14.4291470765473,-0.152406677359627,1.59538655731031,0,0
30.01,14.3969631053729,0.19066293693981,1.59557783860821,0,0
30.02,14.4291470765473,0.0245818027557917,1.59665406230668,0,0
30.03,14.3969631053729,0.0245818027557917,1.59689988033424,0,0
30.04,14.3969631053729,0.0245818027557917,1.5971456983618,0,0
30.05,14.3969631053729,-0.152406677359627,1.59650657398878,0,0
30.06,14.3433231534154,0.19066293693981,1.59669785528668,0,0
30.07,14.3433231534154,0.111894124921677,1.59821064059599,0,0
30.08,14.311139182241,0.0245818027557917,1.59889302023438,0,0
30.09,14.311139182241,0.111894124921677,1.59957539987276,0,0
30.1,14.289683201458,0.19066293693981,1.60108818518207,0,0
30.11,14.2574992302835,0.111894124921677,1.60260097049138,0,0
30.12,14.2574992302835,-0.152406677359627,1.60239840772919,0,0
30.13,14.2253152591091,0.111894124921677,1.602195844967,0,0
30.14,14.1931312879346,0.19066293693981,1.60370863027631,0,0
30.15,14.1931312879346,0.111894124921677,1.60522141558561,0,0
30.16,14.1931312879346,0.111894124921677,1.60634035683483,0,0
30.17,14.1716753071517,0.19066293693981,1.60785314214414,0,0
30.18,14.1716753071517,0.0245818027557917,1.60892936584262,0,0
30.19,14.1716753071517,0.19066293693981,1.61000558954109,0,0
30.2,14.1394913359772,0.268515262170148,1.61230148053664,0,0
30.21,14.1716753071517,0.268515262170148,1.61498663315835,0,0
30.22,14.1394913359772,0.19066293693981,1.6172825241539,0,0
30.23,14.1073073648028,0.268515262170148,1.61957841514945,0,0
30.24,14.1073073648028,0.268515262170148,1.62226356777115,0,0
30.25,14.0536674128453,0.268515262170148,1.62494872039285,0,0
30.26,14.1073073648028,0.0245818027557917,1.62641420571748,0,0
30.27,14.0536674128453,0.19066293693981,1.62749042941596,0,0
30.28,14.0214834416709,0.111894124921677,1.62900321472526,0,0
30.29,14.0214834416709,0.111894124921677,1.63012215597448,0,0
30.3,14.0214834416709,0.0245818027557917,1.63080453561287,0,0
30.31,14.0214834416709,-0.152406677359627,1.63016541123985,0,0
30.32,14.0214834416709,0.0245818027557917,1.62952628686683,0,0
30.33,14.0000274608879,0.111894124921677,1.63020866650522,0,0
30.34,13.9678434897135,-0.152406677359627,1.63000610374303,0,0
30.35,13.9678434897135,-0.152406677359627,1.62848203696943,0,0
30.36,13.9249315281475,0.111894124921677,1.62827947420724,0,0
30.37,13.8927475569731,0.19066293693981,1.62979225951655,0,0
30.38,13.8927475569731,0.111894124921677,1.63130504482586,0,0
30.39,13.8391076050156,0.111894124921677,1.63242398607507,0,0
30.4,13.8712915761901,0.111894124921677,1.63354292732429,0,0
30.41,13.8391076050156,-0.152406677359627,1.6333403645621,0,0
30.42,13.8712915761901,0.111894124921677,1.63313780179991,0,0
30.43,13.8712915761901,0.0245818027557917,1.6338201814383,0,0
30.44,13.8927475569731,-0.187466864989695,1.63300575612713,0,0
30.45,13.8712915761901,-0.152406677359627,1.63130638841538,0,0
30.46,13.8712915761901,0.0245818027557917,1.63066726404236,0,0
30.47,13.8712915761901,-0.242849512660806,1.62957592549284,0,0
30.48,13.8927475569731,0.0245818027557917,1.62848458694331,0,0
30.49,13.8712915761901,-0.152406677359627,1.62784546257029,0,0
30.5,13.8712915761901,-0.152406677359627,1.6263213957967,0,0
30.51,13.8391076050156,-0.152406677359627,1.6247973290231,0,0
30.52,13.7961956434497,-0.152406677359627,1.6232732622495,0,0
30.53,13.7747396626667,0.111894124921677,1.62307069948731,0,0
30.54,13.7961956434497,0.111894124921677,1.62418964073653,0,0
30.55,13.7425556914923,0.111894124921677,1.62530858198575,0,0
30.56,13.7425556914923,-0.152406677359627,1.62510601922356,0,0
30.57,13.7747396626667,0.111894124921677,1.62490345646137,0,0
30.58,13.7961956434497,-0.242849512660806,1.62424867952267,0,0
30.59,13.8391076050156,-0.152406677359627,1.62227239857257,0,0
30.6,13.8712915761901,-0.152406677359627,1.62074833179897,0,0
30.61,13.8927475569731,0.111894124921677,1.62054576903678,0,0
30.62,13.8927475569731,-0.242849512660806,1.61989099209809,0,0
30.63,13.8927475569731,-0.152406677359627,1.61791471114799,0,0
30.64,13.9249315281475,0.111894124921677,1.6177121483858,0,0
30.65,13.8927475569731,0.111894124921677,1.61883108963501,0,0
30.66,13.9249315281475,0.111894124921677,1.61995003088423,0,0
30.67,13.9249315281475,0.111894124921677,1.62106897213345,0,0
30.68,13.9678434897135,0.111894124921677,1.62218791338266,0,0
30.69,13.9678434897135,0.111894124921677,1.62330685463188,0,0
30.7,13.9678434897135,0.111894124921677,1.6244257958811,0,0
30.71,13.9678434897135,0.111894124921677,1.62554473713031,0,0
30.72,13.9678434897135,-0.152406677359627,1.62534217436812,0,0
30.73,14.0000274608879,-0.242849512660806,1.62336589341802,0,0
30.74,14.0536674128453,0.111894124921677,1.62271111647933,0,0
30.75,14.1073073648028,-0.152406677359627,1.62250855371714,0,0
30.76,14.1073073648028,-0.242849512660806,1.62053227276703,0,0
30.77,14.1931312879346,-0.152406677359627,1.61855599181693,0,0
30.78,14.289683201458,0.111894124921677,1.61835342905474,0,0
30.79,14.3755071245899,-0.242849512660806,1.61769865211605,0,0
30.8,14.4291470765473,-0.242849512660806,1.61527015698944,0,0
30.81,14.6007949228111,-0.242849512660806,1.61284166186283,0,0
30.82,14.6866188459429,-0.242849512660806,1.61041316673622,0,0
30.83,14.8904506633812,0.111894124921677,1.60975838979753,0,0
30.84,14.976274586513,-0.242849512660806,1.60910361285883,0,0
30.85,15.0942824808194,-0.242849512660806,1.60667511773222,0,0
30.86,15.1479224327768,-0.242849512660806,1.60424662260561,0,0
30.87,15.1479224327768,-0.152406677359627,1.60227034165551,0,0
30.88,15.1157384616023,0.0245818027557917,1.60163121728249,0,0
30.89,15.0942824808194,0.0245818027557917,1.60187703531005,0,0
30.9,15.0942824808194,-0.242849512660806,1.60078569676052,0,0
30.91,15.0942824808194,-0.187466864989695,1.59863411487227,0,0
30.92,15.0620985096449,-0.187466864989695,1.59675944622238,0,0
30.93,15.0620985096449,-0.242849512660806,1.59460786433412,0,0
30.94,15.0299145384705,-0.187466864989695,1.59245628244587,0,0
30.95,15.0299145384705,-0.187466864989695,1.59058161379597,0,0
30.96,14.976274586513,-0.187466864989695,1.58870694514608,0,0
30.97,14.9119066441641,-0.152406677359627,1.58700757743433,0,0
30.98,14.9119066441641,0.0245818027557917,1.58636845306131,0,0
30.99,14.8582666922067,0.0245818027557917,1.58661427108887,0,0
31,14.8582666922067,-0.152406677359627,1.58597514671585,0,0
31.01,14.8260827210323,-0.152406677359627,1.58445107994225,0,0
31.02,14.7831707594663,-0.152406677359627,1.58292701316866,0,0
31.03,14.7831707594663,-0.152406677359627,1.58140294639506,0,0
31.04,14.8260827210323,-0.242849512660806,1.57942666544496,0,0
31.05,14.8582666922067,-0.152406677359627,1.57745038449486,0,0
31.06,14.8260827210323,0.0245818027557917,1.57681126012184,0,0
31.07,14.8582666922067,-0.152406677359627,1.57617213574882,0,0
31.08,14.8582666922067,-0.187466864989695,1.57447276803707,0,0
31.09,14.8582666922067,-0.152406677359627,1.57277340032532,0,0
31.1,14.8582666922067,-0.242849512660806,1.57079711937522,0,0
31.11,14.8582666922067,-0.152406677359627,1.56882083842512,0,0
31.12,14.8582666922067,-0.152406677359627,1.56729677165152,0,0
31.13,14.8582666922067,-0.242849512660806,1.56532049070142,0,0
31.14,14.8904506633812,-0.242849512660806,1.56289199557481,0,0
31.15,14.9119066441641,-0.187466864989695,1.56074041368656,0,0
31.16,14.9119066441641,-0.152406677359627,1.55904104597481,0,0
31.17,14.9119066441641,0.111894124921677,1.55883848321262,0,0
31.18,14.9119066441641,0.19066293693981,1.56035126852193,0,0
31.19,14.8904506633812,0.111894124921677,1.56186405383124,0,0
31.2,14.8904506633812,0.111894124921677,1.56298299508046,0,0
31.21,14.8904506633812,-0.152406677359627,1.56278043231827,0,0
31.22,14.8582666922067,-0.152406677359627,1.56125636554467,0,0
31.23,14.8582666922067,-0.152406677359627,1.55973229877107,0,0
31.24,14.8582666922067,-0.152406677359627,1.55820823199748,0,0
31.25,14.8260827210323,-0.152406677359627,1.55668416522388,0,0
31.26,14.8260827210323,-0.152406677359627,1.55516009845028,0,0
31.27,14.8260827210323,0.111894124921677,1.55495753568809,0,0
31.28,14.8582666922067,0.19066293693981,1.5564703209974,0,0
31.29,14.7831707594663,-0.152406677359627,1.5566616022953,0,0
31.3,14.7831707594663,0.0245818027557917,1.55602247792228,0,0
31.31,14.7831707594663,0.111894124921677,1.55670485756067,0,0
31.32,14.7509867882919,0.111894124921677,1.55782379880989,0,0
31.33,14.7188028171174,0.111894124921677,1.5589427400591,0,0
31.34,14.6866188459429,0.111894124921677,1.56006168130832,0,0
31.35,14.7188028171174,0.111894124921677,1.56118062255754,0,0
31.36,14.6866188459429,0.111894124921677,1.56229956380675,0,0
31.37,14.6866188459429,0.111894124921677,1.56341850505597,0,0
31.38,14.7188028171174,0.0245818027557917,1.56410088469436,0,0
31.39,14.7188028171174,-0.152406677359627,1.56346176032134,0,0
31.4,14.7509867882919,0.19066293693981,1.56365304161924,0,0
31.41,14.7509867882919,-0.152406677359627,1.56384432291714,0,0
31.42,14.7509867882919,-0.242849512660806,1.56186804196704,0,0
31.43,14.7509867882919,0.19066293693981,1.56160710908843,0,0
31.44,14.8260827210323,-0.152406677359627,1.56179839038633,0,0
31.45,14.8582666922067,-0.152406677359627,1.56027432361274,0,0
31.46,14.8904506633812,0.111894124921677,1.56007176085055,0,0
31.47,14.9440906153386,-0.152406677359627,1.55986919808836,0,0
31.48,14.9440906153386,0.111894124921677,1.55966663532617,0,0
31.49,15.0084585576875,0.111894124921677,1.56078557657539,0,0
31.5,15.0620985096449,0.111894124921677,1.5619045178246,0,0
31.51,15.0942824808194,0.111894124921677,1.56302345907382,0,0
31.52,15.1157384616023,-0.152406677359627,1.56282089631163,0,0
31.53,15.1479224327768,0.111894124921677,1.56261833354944,0,0
31.54,15.1801064039513,0.111894124921677,1.56373727479866,0,0
31.55,15.1801064039513,0.111894124921677,1.56485621604787,0,0
31.56,15.2122903751257,-0.152406677359627,1.56465365328568,0,0
31.57,15.2337463559087,-0.152406677359627,1.56312958651209,0,0
31.58,15.2337463559087,0.111894124921677,1.5629270237499,0,0
31.59,15.3195702790406,0.111894124921677,1.56404596499911,0,0
31.6,15.351754250215,0.111894124921677,1.56516490624833,0,0
31.61,15.3839382213895,0.111894124921677,1.56628384749755,0,0
31.62,15.4053942021724,0.111894124921677,1.56740278874676,0,0
31.63,15.4375781733469,-0.152406677359627,1.56720022598457,0,0
31.64,15.4375781733469,-0.242849512660806,1.56522394503447,0,0
31.65,15.4375781733469,-0.152406677359627,1.56324766408437,0,0
31.66,15.4053942021724,0.0245818027557917,1.56260853971135,0,0
31.67,15.3839382213895,0.111894124921677,1.56329091934974,0,0
31.68,15.351754250215,0.268515262170148,1.5651929662852,0,0
31.69,15.2981142982576,0.0245818027557917,1.56665845160983,0,0
31.7,15.2337463559087,-0.242849512660806,1.5655671130603,0,0
31.71,15.2122903751257,-0.187466864989695,1.56341553117205,0,0
31.72,15.1801064039513,-0.152406677359627,1.5617161634603,0,0
31.73,15.1801064039513,0.0245818027557917,1.56107703908728,0,0
31.74,15.1157384616023,-0.152406677359627,1.56043791471426,0,0
31.75,15.1479224327768,0.0245818027557917,1.55979879034124,0,0
31.76,15.1157384616023,-0.152406677359627,1.55915966596823,0,0
31.77,15.0942824808194,-0.187466864989695,1.55746029825648,0,0
31.78,15.0942824808194,-0.152406677359627,1.55576093054473,0,0
31.79,15.1157384616023,0.0245818027557917,1.55512180617171,0,0
31.8,15.1157384616023,-0.187466864989695,1.55430738086054,0,0
31.81,15.0620985096449,-0.152406677359627,1.5526080131488,0,0
31.82,15.0942824808194,-0.152406677359627,1.5510839463752,0,0
31.83,15.0299145384705,-0.152406677359627,1.5495598796016,0,0
31.84,15.0299145384705,-0.187466864989695,1.54786051188986,0,0
31.85,15.0299145384705,-0.152406677359627,1.54616114417811,0,0
31.86,15.0084585576875,-0.242849512660806,1.54418486322801,0,0
31.87,14.976274586513,0.0245818027557917,1.54309352467848,0,0
31.88,14.9440906153386,-0.187466864989695,1.54227909936731,0,0
31.89,14.9119066441641,-0.152406677359627,1.54057973165557,0,0
31.9,14.8582666922067,0.111894124921677,1.54037716889338,0,0
31.91,14.8904506633812,0.111894124921677,1.54149611014259,0,0
31.92,14.8582666922067,-0.152406677359627,1.5412935473804,0,0
31.93,14.8582666922067,0.111894124921677,1.54109098461821,0,0
31.94,14.8260827210323,0.19066293693981,1.54260376992752,0,0
31.95,14.7831707594663,0.111894124921677,1.54411655523683,0,0
31.96,14.7509867882919,0.111894124921677,1.54523549648605,0,0
31.97,14.7509867882919,0.111894124921677,1.54635443773526,0,0
31.98,14.7509867882919,0.19066293693981,1.54786722304457,0,0
31.99,14.7188028171174,0.0245818027557917,1.54894344674305,0,0
32,14.6866188459429,-0.152406677359627,1.54830432237003,0,0
32.01,14.6866188459429,-0.242849512660806,1.54632804141993,0,0
32.02,14.66516286516,-0.187466864989695,1.54417645953167,0,0
32.03,14.6329788939855,-0.152406677359627,1.54247709181993,0,0
32.04,14.6329788939855,0.19066293693981,1.54266837311783,0,0
32.05,14.66516286516,-0.187466864989695,1.54268435347758,0,0
32.06,14.6329788939855,0.0245818027557917,1.54186992816641,0,0
32.07,14.6329788939855,-0.242849512660806,1.54077858961688,0,0
32.08,14.6329788939855,-0.242849512660806,1.53835009449028,0,0
32.09,14.6329788939855,-0.187466864989695,1.53619851260202,0,0
32.1,14.6329788939855,-0.187466864989695,1.53432384395213,0,0
32.11,14.6329788939855,-0.152406677359627,1.53262447624038,0,0
32.12,14.6329788939855,-0.152406677359627,1.53110040946678,0,0
32.13,14.6329788939855,-0.152406677359627,1.52957634269319,0,0
32.14,14.6329788939855,-0.152406677359627,1.52805227591959,0,0
32.15,14.6329788939855,-0.152406677359627,1.526528209146,0,0
32.16,14.6329788939855,-0.242849512660806,1.52455192819589,0,0
32.17,14.66516286516,-0.152406677359627,1.52257564724579,0,0
32.18,14.66516286516,0.0245818027557917,1.52193652287277,0,0
32.19,14.6866188459429,-0.187466864989695,1.5211220975616,0,0
32.2,14.66516286516,0.0245818027557917,1.52030767225043,0,0
32.21,14.6866188459429,0.0245818027557917,1.52055349027799,0,0
32.22,14.6866188459429,0.0245818027557917,1.52079930830555,0,0
32.23,14.7188028171174,-0.242849512660806,1.51970796975602,0,0
32.24,14.7188028171174,-0.152406677359627,1.51773168880592,0,0
32.25,14.7509867882919,-0.152406677359627,1.51620762203232,0,0
32.26,14.7831707594663,0.0245818027557917,1.51556849765931,0,0
32.27,14.7831707594663,0.0245818027557917,1.51581431568686,0,0
32.28,14.7831707594663,-0.152406677359627,1.51517519131384,0,0
32.29,14.7509867882919,-0.187466864989695,1.5134758236021,0,0
32.3,14.7831707594663,0.0245818027557917,1.51266139829093,0,0
32.31,14.8260827210323,0.0245818027557917,1.51290721631849,0,0
32.32,14.7509867882919,-0.242849512660806,1.51181587776896,0,0
32.33,14.7831707594663,0.0245818027557917,1.51072453921944,0,0
32.34,14.7509867882919,0.0245818027557917,1.51097035724699,0,0
32.35,14.7509867882919,-0.242849512660806,1.50987901869747,0,0
32.36,14.7509867882919,-0.187466864989695,1.50772743680922,0,0
32.37,14.7831707594663,0.0245818027557917,1.50691301149805,0,0
32.38,14.7509867882919,-0.307772604848743,1.50549705748758,0,0
32.39,14.7831707594663,-0.242849512660806,1.50274394690003,0,0
32.4,14.7509867882919,-0.242849512660806,1.50031545177343,0,0
32.41,14.7509867882919,-0.242849512660806,1.49788695664682,0,0
32.42,14.7831707594663,-0.152406677359627,1.49591067569672,0,0
32.43,14.7831707594663,0.19066293693981,1.49610195699462,0,0
32.44,14.7509867882919,0.19066293693981,1.49800858636401,0,0
32.45,14.7509867882919,0.111894124921677,1.49952137167332,0,0
32.46,14.7831707594663,0.0245818027557917,1.50020375131171,0,0
32.47,14.7831707594663,-0.152406677359627,1.49956462693869,0,0
32.48,14.7831707594663,0.19066293693981,1.49975590823659,0,0
32.49,14.8260827210323,0.111894124921677,1.5012686935459,0,0
32.5,14.7831707594663,-0.152406677359627,1.50106613078371,0,0
32.51,14.7831707594663,0.111894124921677,1.50086356802152,0,0
32.52,14.8260827210323,0.111894124921677,1.50198250927074,0,0
32.53,14.7831707594663,-0.307772604848743,1.5010031168711,0,0
32.54,14.7831707594663,-0.152406677359627,1.49870222046006,0,0
32.55,14.8260827210323,-0.152406677359627,1.49717815368646,0,0
32.56,14.7509867882919,-0.242849512660806,1.49520187273636,0,0
32.57,14.7831707594663,0.0245818027557917,1.49411053418684,0,0
32.58,14.7831707594663,-0.152406677359627,1.49347140981382,0,0
32.59,14.7509867882919,-0.242849512660806,1.49149512886371,0,0
32.6,14.6866188459429,-0.152406677359627,1.48951884791361,0,0
32.61,14.6866188459429,-0.152406677359627,1.48799478114002,0,0
32.62,14.6866188459429,-0.242849512660806,1.48601850018991,0,0
32.63,14.6866188459429,-0.242849512660806,1.4835900050633,0,0
32.64,14.7188028171174,-0.242849512660806,1.4811615099367,0,0
32.65,14.7509867882919,-0.187466864989695,1.47900992804844,0,0
32.66,14.7509867882919,-0.242849512660806,1.47685834616019,0,0
32.67,14.7188028171174,-0.242849512660806,1.47442985103358,0,0
32.68,14.7188028171174,-0.152406677359627,1.47245357008348,0,0
32.69,14.7188028171174,-0.187466864989695,1.47075420237173,0,0
32.7,14.6866188459429,-0.242849512660806,1.46860262048348,0,0
32.71,14.66516286516,-0.187466864989695,1.46645103859523,0,0
32.72,14.66516286516,-0.242849512660806,1.46429945670698,0,0
32.73,14.6329788939855,-0.152406677359627,1.46232317575688,0,0
32.74,14.6329788939855,-0.152406677359627,1.46079910898328,0,0
32.75,14.6007949228111,-0.152406677359627,1.45927504220968,0,0
32.76,14.6007949228111,-0.152406677359627,1.45775097543609,0,0
32.77,14.5793389420281,-0.152406677359627,1.45622690866249,0,0
32.78,14.6007949228111,-0.152406677359627,1.45470284188889,0,0
32.79,14.6329788939855,0.0245818027557917,1.45406371751587,0,0
32.8,14.6329788939855,-0.242849512660806,1.45297237896635,0,0
32.81,14.6329788939855,-0.152406677359627,1.45099609801625,0,0
32.82,14.6329788939855,-0.242849512660806,1.44901981706614,0,0
32.83,14.6329788939855,0.0245818027557917,1.44792847851662,0,0
32.84,14.6329788939855,0.0245818027557917,1.44817429654418,0,0
32.85,14.6329788939855,-0.152406677359627,1.44753517217116,0,0
32.86,14.6329788939855,-0.152406677359627,1.44601110539756,0,0
32.87,14.6007949228111,-0.152406677359627,1.44448703862397,0,0
32.88,14.6007949228111,0.111894124921677,1.44428447586178,0,0
32.89,14.6329788939855,-0.152406677359627,1.44408191309959,0,0
32.9,14.5793389420281,-0.152406677359627,1.44255784632599,0,0
32.91,14.5793389420281,-0.242849512660806,1.44058156537589,0,0
32.92,14.5471549708536,-0.152406677359627,1.43860528442579,0,0
32.93,14.5471549708536,-0.152406677359627,1.43708121765219,0,0
32.94,14.5471549708536,0.111894124921677,1.43687865489,0,0
32.95,14.5793389420281,0.0245818027557917,1.43756103452839,0,0
32.96,14.5149709996792,-0.152406677359627,1.43692191015537,0,0
32.97,14.4935150188962,0.111894124921677,1.43671934739318,0,0
32.98,14.4935150188962,0.19066293693981,1.43823213270249,0,0
32.99,14.4291470765473,0.111894124921677,1.43974491801179,0,0
33,14.4291470765473,0.0245818027557917,1.44042729765018,0,0
33.01,14.4291470765473,0.111894124921677,1.44110967728857,0,0
33.02,14.3969631053729,0.111894124921677,1.44222861853778,0,0
33.03,14.3433231534154,0.111894124921677,1.443347559787,0,0
33.04,14.3433231534154,0.0245818027557917,1.44402993942539,0,0
33.05,14.289683201458,0.268515262170148,1.44549542475002,0,0
33.06,14.2253152591091,-0.152406677359627,1.44607596767407,0,0
33.07,14.1931312879346,-0.152406677359627,1.44455190090047,0,0
33.08,14.1716753071517,-0.152406677359627,1.44302783412688,0,0
33.09,14.1931312879346,-0.242849512660806,1.44105155317678,0,0
33.1,14.1716753071517,-0.152406677359627,1.43907527222667,0,0
33.11,14.1394913359772,0.111894124921677,1.43887270946448,0,0
33.12,14.1394913359772,-0.152406677359627,1.43867014670229,0,0
33.13,14.1394913359772,-0.152406677359627,1.4371460799287,0,0
33.14,14.1073073648028,-0.152406677359627,1.4356220131551,0,0
33.15,14.1073073648028,0.111894124921677,1.43541945039291,0,0
33.16,14.1073073648028,0.0245818027557917,1.4361018300313,0,0
33.17,14.0858513840198,-0.242849512660806,1.43501049148177,0,0
33.18,14.0858513840198,0.19066293693981,1.43474955860317,0,0
33.19,14.1073073648028,0.19066293693981,1.43665618797257,0,0
33.2,14.0858513840198,-0.242849512660806,1.43639525509396,0,0
33.21,14.0858513840198,-0.152406677359627,1.43441897414386,0,0
33.22,14.0858513840198,0.19066293693981,1.43461025544176,0,0
33.23,14.0858513840198,-0.242849512660806,1.43434932256316,0,0
33.24,14.0858513840198,-0.152406677359627,1.43237304161305,0,0
33.25,14.0858513840198,0.0245818027557917,1.43173391724003,0,0
33.26,14.1073073648028,0.111894124921677,1.43241629687842,0,0
33.27,14.0858513840198,-0.152406677359627,1.43221373411623,0,0
33.28,14.0858513840198,0.19066293693981,1.43240501541413,0,0
33.29,14.0214834416709,-0.152406677359627,1.43259629671203,0,0
33.3,14.0214834416709,-0.152406677359627,1.43107222993844,0,0
33.31,14.0000274608879,0.19066293693981,1.43126351123634,0,0
33.32,13.9678434897135,0.0245818027557917,1.43233973493482,0,0
33.33,13.9249315281475,-0.152406677359627,1.4317006105618,0,0
33.34,13.8927475569731,0.111894124921677,1.43149804779961,0,0
33.35,13.8927475569731,-0.152406677359627,1.43129548503742,0,0
33.36,13.8927475569731,-0.152406677359627,1.42977141826382,0,0
33.37,13.8391076050156,0.0245818027557917,1.4291322938908,0,0
33.38,13.7961956434497,0.0245818027557917,1.42937811191836,0,0
33.39,13.7961956434497,-0.152406677359627,1.42873898754534,0,0
33.4,13.7425556914923,-0.152406677359627,1.42721492077174,0,0
33.41,13.7747396626667,0.0245818027557917,1.42657579639872,0,0
33.42,13.7747396626667,-0.152406677359627,1.4259366720257,0,0
33.43,13.7103717203178,0.0245818027557917,1.42529754765269,0,0
33.44,13.7425556914923,-0.152406677359627,1.42465842327967,0,0
33.45,13.7103717203178,-0.152406677359627,1.42313435650607,0,0
33.46,13.6781877491434,0.0245818027557917,1.42249523213305,0,0
33.47,13.6781877491434,-0.152406677359627,1.42185610776003,0,0
33.48,13.6567317683604,-0.152406677359627,1.42033204098644,0,0
33.49,13.6245477971859,0.0245818027557917,1.41969291661342,0,0
33.5,13.6245477971859,0.0245818027557917,1.41993873464097,0,0
33.51,13.5923638260115,-0.242849512660806,1.41884739609145,0,0
33.52,13.5709078452285,-0.187466864989695,1.4166958142032,0,0
33.53,13.6245477971859,0.0245818027557917,1.41588138889203,0,0
33.54,13.5709078452285,-0.152406677359627,1.41524226451901,0,0
33.55,13.5709078452285,0.0245818027557917,1.41460314014599,0,0
33.56,13.5387238740541,0.0245818027557917,1.41484895817355,0,0
33.57,13.5387238740541,0.19066293693981,1.41592518187202,0,0
33.58,13.5065399028796,0.111894124921677,1.41743796718133,0,0
33.59,13.5065399028796,0.0245818027557917,1.41812034681972,0,0
33.6,13.4528999509222,-0.152406677359627,1.4174812224467,0,0
33.61,13.4528999509222,-0.152406677359627,1.4159571556731,0,0
33.62,13.4207159797477,0.0245818027557917,1.41531803130008,0,0
33.63,13.3670760277903,0.111894124921677,1.41600041093847,0,0
33.64,13.3670760277903,0.19066293693981,1.41751319624778,0,0
33.65,13.3670760277903,0.19066293693981,1.41941982561718,0,0
33.66,13.3670760277903,0.19066293693981,1.42132645498658,0,0
33.67,13.4207159797477,0.111894124921677,1.42283924029588,0,0
33.68,13.4207159797477,0.0245818027557917,1.42352161993427,0,0
33.69,13.3670760277903,0.19066293693981,1.42459784363275,0,0
33.7,13.3885320085733,0.328403009295123,1.42719317336392,0,0
33.71,13.3348920566158,0.268515262170148,1.43017776472125,0,0
33.72,13.3027080854414,0.19066293693981,1.4324736557168,0,0
33.73,13.3027080854414,0.0245818027557917,1.43354987941528,0,0
33.74,13.2812521046584,0.0245818027557917,1.43379569744283,0,0
33.75,13.2812521046584,0.19066293693981,1.43487192114131,0,0
33.76,13.249068133484,0.0245818027557917,1.43594814483979,0,0
33.77,13.249068133484,0.0245818027557917,1.43619396286735,0,0
33.78,13.2168841623095,0.19066293693981,1.43727018656583,0,0
33.79,13.2168841623095,0.111894124921677,1.43878297187513,0,0
33.8,13.249068133484,-0.242849512660806,1.43812819493644,0,0
33.81,13.2168841623095,0.19066293693981,1.43786726205783,0,0
33.82,13.2168841623095,0.19066293693981,1.43977389142723,0,0
33.83,13.249068133484,0.111894124921677,1.44128667673654,0,0
33.84,13.2812521046584,0.0245818027557917,1.44196905637493,0,0
33.85,13.249068133484,0.111894124921677,1.44265143601331,0,0
33.86,13.249068133484,0.0245818027557917,1.4433338156517,0,0
33.87,13.2812521046584,0.0245818027557917,1.44357963367926,0,0
33.88,13.3027080854414,0.19066293693981,1.44465585737774,0,0
33.89,13.2812521046584,0.0245818027557917,1.44573208107622,0,0
33.9,13.2812521046584,0.19066293693981,1.44680830477469,0,0
33.91,13.249068133484,0.0245818027557917,1.44788452847317,0,0
33.92,13.2812521046584,0.19066293693981,1.44896075217165,0,0
33.93,13.249068133484,0.0245818027557917,1.45003697587013,0,0
33.94,13.249068133484,0.268515262170148,1.45150246119476,0,0
33.95,13.249068133484,0.19066293693981,1.45379835219031,0,0
33.96,13.249068133484,0.19066293693981,1.4557049815597,0,0
33.97,13.2168841623095,-0.152406677359627,1.45589626285761,0,0
33.98,13.2168841623095,0.19066293693981,1.45608754415551,0,0
33.99,13.2168841623095,0.0245818027557917,1.45716376785398,0,0
34,13.2168841623095,0.0245818027557917,1.45740958588154,0,0
34.01,13.1739722007436,0.0245818027557917,1.4576554039091,0,0
34.02,13.1525162199606,-0.152406677359627,1.45701627953608,0,0
34.03,13.1525162199606,0.19066293693981,1.45720756083398,0,0
34.04,13.1203322487861,-0.242849512660806,1.45694662795538,0,0
34.05,13.1203322487861,0.0245818027557917,1.45585528940585,0,0
34.06,13.0881482776117,0.111894124921677,1.45653766904424,0,0
34.07,13.0666922968287,0.111894124921677,1.45765661029346,0,0
34.08,13.0666922968287,0.111894124921677,1.45877555154267,0,0
34.09,13.0023243544798,-0.152406677359627,1.45857298878048,0,0
34.1,12.9701403833053,-0.187466864989695,1.45687362106874,0,0
34.11,12.9701403833053,-0.187466864989695,1.45499895241884,0,0
34.12,12.9486844025224,0.0245818027557917,1.45418452710767,0,0
34.13,12.9165004313479,-0.187466864989695,1.4533701017965,0,0
34.14,12.9486844025224,-0.187466864989695,1.4514954331466,0,0
34.15,12.8843164601735,-0.242849512660806,1.44934385125835,0,0
34.16,12.8843164601735,-0.152406677359627,1.44736757030825,0,0
34.17,12.8628604793905,-0.307772604848743,1.44506667389721,0,0
34.18,12.8843164601735,0.0245818027557917,1.44365071988674,0,0
34.19,12.8628604793905,-0.242849512660806,1.44255938133722,0,0
34.2,12.8628604793905,-0.152406677359627,1.44058310038711,0,0
34.21,12.7877645466501,0.111894124921677,1.44038053762492,0,0
34.22,12.8628604793905,0.19066293693981,1.44189332293423,0,0
34.23,12.8628604793905,0.19066293693981,1.44379995230363,0,0
34.24,12.8199485178246,-0.152406677359627,1.44399123360153,0,0
34.25,12.7877645466501,0.19066293693981,1.44418251489943,0,0
34.26,12.8199485178246,0.111894124921677,1.44569530020874,0,0
34.27,12.8199485178246,-0.152406677359627,1.44549273744655,0,0
34.28,12.8199485178246,0.19066293693981,1.44568401874445,0,0
34.29,12.8199485178246,0.0245818027557917,1.44676024244293,0,0
34.3,12.7877645466501,0.19066293693981,1.44783646614141,0,0
34.31,12.8199485178246,-0.187466864989695,1.44785244650116,0,0
34.32,12.7877645466501,-0.152406677359627,1.44615307878941,0,0
34.33,12.7877645466501,-0.242849512660806,1.44417679783931,0,0
34.34,12.7877645466501,0.0245818027557917,1.44308545928978,0,0
34.35,12.7877645466501,-0.307772604848743,1.44166950527932,0,0
34.36,12.7555805754756,-0.242849512660806,1.43891639469177,0,0
34.37,12.7555805754756,-0.187466864989695,1.43676481280352,0,0
34.38,12.7341245946927,-0.242849512660806,1.43461323091527,0,0
34.39,12.7555805754756,-0.187466864989695,1.43246164902701,0,0
34.4,12.7555805754756,-0.242849512660806,1.43031006713876,0,0
34.41,12.7555805754756,0.111894124921677,1.42965529020006,0,0
34.42,12.7555805754756,0.0245818027557917,1.43033766983845,0,0
34.43,12.7555805754756,0.111894124921677,1.43102004947684,0,0
34.44,12.7877645466501,0.19066293693981,1.43253283478615,0,0
34.45,12.7877645466501,-0.152406677359627,1.43272411608405,0,0
34.46,12.7555805754756,-0.152406677359627,1.43120004931045,0,0
34.47,12.7877645466501,0.19066293693981,1.43139133060835,0,0
34.48,12.7877645466501,-0.152406677359627,1.43158261190625,0,0
34.49,12.8199485178246,0.0245818027557917,1.43094348753323,0,0
34.5,12.7877645466501,-0.242849512660806,1.42985214898371,0,0
34.51,12.7877645466501,-0.152406677359627,1.42787586803361,0,0
34.52,12.7877645466501,0.0245818027557917,1.42723674366059,0,0
34.53,12.8199485178246,-0.242849512660806,1.42614540511106,0,0
34.54,12.8199485178246,-0.242849512660806,1.42371690998445,0,0
34.55,12.8199485178246,0.0245818027557917,1.42262557143493,0,0
34.56,12.8199485178246,0.0245818027557917,1.42287138946249,0,0
34.57,12.8199485178246,-0.242849512660806,1.42178005091296,0,0
34.58,12.8199485178246,-0.152406677359627,1.41980376996286,0,0
34.59,12.7877645466501,-0.242849512660806,1.41782748901276,0,0
34.6,12.8199485178246,-0.242849512660806,1.41539899388615,0,0
34.61,12.7877645466501,-0.242849512660806,1.41297049875954,0,0
34.62,12.8199485178246,0.19066293693981,1.41270956588094,0,0
34.63,12.8199485178246,0.111894124921677,1.41422235119024,0,0
34.64,12.8628604793905,0.0245818027557917,1.41490473082863,0,0
34.65,12.8843164601735,0.111894124921677,1.41558711046702,0,0
34.66,12.9165004313479,0.111894124921677,1.41670605171624,0,0
34.67,12.9165004313479,-0.242849512660806,1.41605127477754,0,0
34.68,12.9486844025224,-0.152406677359627,1.41407499382744,0,0
34.69,12.9165004313479,-0.152406677359627,1.41255092705384,0,0
34.7,12.9165004313479,0.19066293693981,1.41274220835174,0,0
34.71,12.9165004313479,0.111894124921677,1.41425499366105,0,0
34.72,12.8628604793905,0.111894124921677,1.41537393491027,0,0
34.73,12.9165004313479,0.19066293693981,1.41688672021957,0,0
34.74,12.9165004313479,0.19066293693981,1.41879334958897,0,0
34.75,12.9165004313479,0.19066293693981,1.42069997895837,0,0
34.76,12.9165004313479,0.19066293693981,1.42260660832777,0,0
34.77,12.8843164601735,0.0245818027557917,1.42368283202625,0,0
34.78,12.9486844025224,-0.152406677359627,1.42304370765323,0,0
34.79,12.9701403833053,-0.152406677359627,1.42151964087963,0,0
34.8,13.0023243544798,0.111894124921677,1.42131707811744,0,0
34.81,13.0345083256543,0.19066293693981,1.42282986342675,0,0
34.82,13.0345083256543,0.0245818027557917,1.42390608712523,0,0
34.83,13.0881482776117,0.0245818027557917,1.42415190515278,0,0
34.84,13.0666922968287,-0.152406677359627,1.42351278077976,0,0
34.85,13.1203322487861,0.0245818027557917,1.42287365640675,0,0
34.86,13.0881482776117,-0.152406677359627,1.42223453203373,0,0
34.87,13.0881482776117,0.0245818027557917,1.42159540766071,0,0
34.88,13.1203322487861,-0.152406677359627,1.42095628328769,0,0
34.89,13.1203322487861,-0.242849512660806,1.41898000233759,0,0
34.9,13.1525162199606,-0.152406677359627,1.41700372138748,0,0
34.91,13.1203322487861,-0.242849512660806,1.41502744043738,0,0
34.92,13.1203322487861,-0.242849512660806,1.41259894531077,0,0
34.93,13.0881482776117,0.0245818027557917,1.41150760676125,0,0
34.94,13.1203322487861,-0.152406677359627,1.41086848238823,0,0
34.95,13.0881482776117,0.19066293693981,1.41105976368613,0,0
34.96,13.0666922968287,0.19066293693981,1.41296639305553,0,0
34.97,13.0345083256543,0.111894124921677,1.41447917836484,0,0
34.98,13.0345083256543,0.111894124921677,1.41559811961405,0,0
34.99,13.0345083256543,-0.152406677359627,1.41539555685186,0,0
35,13.0345083256543,0.268515262170148,1.41597609977591,0,0
35.01,13.0023243544798,0.111894124921677,1.41787814671137,0,0
35.02,12.9701403833053,0.19066293693981,1.41939093202068,0,0
35.03,12.9701403833053,0.19066293693981,1.42129756139008,0,0
35.04,12.9486844025224,-0.242849512660806,1.42103662851147,0,0
35.05,12.9486844025224,0.0245818027557917,1.41994528996195,0,0
35.06,12.9486844025224,-0.152406677359627,1.41930616558893,0,0
35.07,12.9165004313479,0.0245818027557917,1.41866704121591,0,0
35.08,12.9165004313479,0.0245818027557917,1.41891285924347,0,0
35.09,12.8843164601735,-0.242849512660806,1.41782152069394,0,0
35.1,12.8628604793905,0.0245818027557917,1.41673018214442,0,0
35.11,12.8628604793905,0.0245818027557917,1.41697600017198,0,0
35.12,12.8199485178246,-0.242849512660806,1.41588466162245,0,0
35.13,12.7877645466501,0.0245818027557917,1.41479332307293,0,0
35.14,12.7877645466501,0.19066293693981,1.4158695467714,0,0
35.15,12.7877645466501,0.19066293693981,1.4177761761408,0,0
35.16,12.7877645466501,0.111894124921677,1.41928896145011,0,0
35.17,12.7555805754756,0.111894124921677,1.42040790269933,0,0
35.18,12.7555805754756,0.111894124921677,1.42152684394854,0,0
35.19,12.7555805754756,-0.152406677359627,1.42132428118635,0,0
35.2,12.7341245946927,0.111894124921677,1.42112171842416,0,0
35.21,12.7019406235182,-0.152406677359627,1.42091915566197,0,0
35.22,12.6697566523438,-0.152406677359627,1.41939508888838,0,0
35.23,12.6697566523438,0.111894124921677,1.41919252612619,0,0
35.24,12.6697566523438,-0.152406677359627,1.418989963364,0,0
35.25,12.6483006715608,-0.242849512660806,1.4170136824139,0,0
35.26,12.6483006715608,0.0245818027557917,1.41592234386437,0,0
35.27,12.6161167003863,-0.152406677359627,1.41528321949135,0,0
35.28,12.6161167003863,0.0245818027557917,1.41464409511833,0,0
35.29,12.6161167003863,-0.187466864989695,1.41382966980716,0,0
35.3,12.5839327292119,-0.152406677359627,1.41213030209542,0,0
35.31,12.5302927772545,-0.242849512660806,1.41015402114531,0,0
35.32,12.5624767484289,-0.187466864989695,1.40800243925706,0,0
35.33,12.5302927772545,-0.242849512660806,1.40585085736881,0,0
35.34,12.49810880608,0.0245818027557917,1.40475951881928,0,0
35.35,12.4659248349056,-0.152406677359627,1.40412039444627,0,0
35.36,12.4659248349056,0.19066293693981,1.40431167574417,0,0
35.37,12.4444688541226,0.111894124921677,1.40582446105347,0,0
35.38,12.4659248349056,0.111894124921677,1.40694340230269,0,0
35.39,12.4015568925566,-0.152406677359627,1.4067408395405,0,0
35.4,12.3693729213822,0.19066293693981,1.4069321208384,0,0
35.41,12.3693729213822,0.111894124921677,1.40844490614771,0,0
35.42,12.3693729213822,0.111894124921677,1.40956384739693,0,0
35.43,12.3693729213822,0.111894124921677,1.41068278864614,0,0
35.44,12.3693729213822,0.19066293693981,1.41219557395545,0,0
35.45,12.4015568925566,-0.152406677359627,1.41238685525335,0,0
35.46,12.4015568925566,0.19066293693981,1.41257813655125,0,0
35.47,12.3693729213822,0.111894124921677,1.41409092186056,0,0
35.48,12.3693729213822,-0.152406677359627,1.41388835909837,0,0
35.49,12.3693729213822,0.111894124921677,1.41368579633618,0,0
35.5,12.3693729213822,0.19066293693981,1.41519858164549,0,0
35.51,12.3693729213822,-0.152406677359627,1.41538986294339,0,0
35.52,12.3693729213822,0.111894124921677,1.4151873001812,0,0
35.53,12.3157329694248,0.111894124921677,1.41630624143041,0,0
35.54,12.3157329694248,0.0245818027557917,1.4169886210688,0,0
35.55,12.2835489982503,0.0245818027557917,1.41723443909636,0,0
35.56,12.2835489982503,0.0245818027557917,1.41748025712392,0,0
35.57,12.2513650270759,-0.242849512660806,1.41638891857439,0,0
35.58,12.2835489982503,-0.152406677359627,1.41441263762429,0,0
35.59,12.3479169405992,-0.187466864989695,1.41271326991254,0,0
35.6,12.3479169405992,-0.242849512660806,1.41056168802429,0,0
35.61,12.3479169405992,-0.242849512660806,1.40813319289768,0,0
35.62,12.3157329694248,-0.152406677359627,1.40615691194758,0,0
35.63,12.2835489982503,-0.242849512660806,1.40418063099748,0,0
35.64,12.2835489982503,0.0245818027557917,1.40308929244795,0,0
35.65,12.2299090462929,-0.187466864989695,1.40227486713678,0,0
35.66,12.2513650270759,-0.187466864989695,1.40040019848689,0,0
35.67,12.2513650270759,-0.242849512660806,1.39824861659863,0,0
35.68,12.3157329694248,0.19066293693981,1.39798768372003,0,0
35.69,12.2835489982503,-0.152406677359627,1.39817896501793,0,0
35.7,12.3157329694248,0.0245818027557917,1.39753984064491,0,0
35.71,12.3479169405992,0.0245818027557917,1.39778565867247,0,0
35.72,12.3693729213822,0.111894124921677,1.39846803831086,0,0
35.73,12.4659248349056,0.111894124921677,1.39958697956007,0,0
35.74,12.5302927772545,-0.152406677359627,1.39938441679788,0,0
35.75,12.5624767484289,0.111894124921677,1.39918185403569,0,0
35.76,12.6483006715608,-0.152406677359627,1.3989792912735,0,0
35.77,12.6483006715608,-0.242849512660806,1.3970030103234,0,0
35.78,12.7341245946927,-0.187466864989695,1.39485142843515,0,0
35.79,12.7341245946927,-0.242849512660806,1.3926998465469,0,0
35.8,12.7555805754756,-0.242849512660806,1.39027135142029,0,0
35.81,12.8199485178246,-0.242849512660806,1.38784285629368,0,0
35.82,12.8843164601735,-0.242849512660806,1.38541436116707,0,0
35.83,12.9165004313479,-0.307772604848743,1.38266125057953,0,0
35.84,12.9701403833053,-0.187466864989695,1.38018505323033,0,0
35.85,13.0023243544798,-0.242849512660806,1.37803347134208,0,0
35.86,13.0345083256543,-0.242849512660806,1.37560497621547,0,0
35.87,13.0666922968287,0.0245818027557917,1.37451363766595,0,0
35.88,13.0023243544798,-0.152406677359627,1.37387451329293,0,0
35.89,12.9701403833053,-0.152406677359627,1.37235044651933,0,0
35.9,13.0345083256543,0.111894124921677,1.37214788375714,0,0
35.91,12.9701403833053,-0.152406677359627,1.37194532099495,0,0
35.92,12.9701403833053,-0.152406677359627,1.37042125422136,0,0
35.93,12.9701403833053,0.111894124921677,1.37021869145917,0,0
35.94,12.9701403833053,0.19066293693981,1.37173147676847,0,0
35.95,13.0023243544798,-0.152406677359627,1.37192275806637,0,0
35.96,13.0023243544798,0.111894124921677,1.37172019530418,0,0
35.97,13.0023243544798,0.111894124921677,1.3728391365534,0,0
35.98,13.0345083256543,0.268515262170148,1.37474118348886,0,0
35.99,13.0345083256543,0.0245818027557917,1.37620666881349,0,0
36,13.0345083256543,0.0245818027557917,1.37645248684105,0,0
36.01,13.0345083256543,0.111894124921677,1.37713486647944,0,0
36.02,13.0666922968287,-0.152406677359627,1.37693230371725,0,0
36.03,13.0345083256543,-0.242849512660806,1.37495602276714,0,0
36.04,13.0666922968287,0.19066293693981,1.37469508988854,0,0
36.05,13.0345083256543,-0.152406677359627,1.37488637118644,0,0
36.06,13.0345083256543,0.0245818027557917,1.37424724681342,0,0
36.07,12.9701403833053,0.0245818027557917,1.37449306484098,0,0
36.08,13.0023243544798,-0.152406677359627,1.37385394046796,0,0
36.09,13.0023243544798,-0.152406677359627,1.37232987369436,0,0
36.1,12.9701403833053,-0.187466864989695,1.37063050598262,0,0
36.11,12.9486844025224,-0.242849512660806,1.36847892409436,0,0
36.12,12.9165004313479,0.0245818027557917,1.36738758554484,0,0
36.13,12.9165004313479,0.0245818027557917,1.3676334035724,0,0
36.14,12.8843164601735,-0.152406677359627,1.36699427919938,0,0
36.15,12.8843164601735,-0.152406677359627,1.36547021242578,0,0
36.16,12.8628604793905,-0.152406677359627,1.36394614565218,0,0
36.17,12.8199485178246,-0.152406677359627,1.36242207887859,0,0
36.18,12.7877645466501,-0.152406677359627,1.36089801210499,0,0
36.19,12.7555805754756,-0.187466864989695,1.35919864439324,0,0
36.2,12.7341245946927,-0.242849512660806,1.35704706250499,0,0
36.21,12.7019406235182,0.0245818027557917,1.35595572395547,0,0
36.22,12.6697566523438,-0.152406677359627,1.35531659958245,0,0
36.23,12.6161167003863,-0.152406677359627,1.35379253280885,0,0
36.24,12.5839327292119,-0.187466864989695,1.35209316509711,0,0
36.25,12.5302927772545,0.0245818027557917,1.35127873978594,0,0
36.26,12.49810880608,-0.242849512660806,1.35018740123641,0,0
36.27,12.4659248349056,-0.242849512660806,1.3477589061098,0,0
36.28,12.4659248349056,0.0245818027557917,1.34666756756028,0,0
36.29,12.4659248349056,-0.242849512660806,1.34557622901075,0,0
36.3,12.4659248349056,0.0245818027557917,1.34448489046123,0,0
36.31,12.4015568925566,0.111894124921677,1.34516727009961,0,0
36.32,12.4015568925566,0.19066293693981,1.34668005540892,0,0
36.33,12.3693729213822,0.0245818027557917,1.3477562791074,0,0
36.34,12.3693729213822,0.111894124921677,1.34843865874579,0,0
36.35,12.3479169405992,0.111894124921677,1.349557599995,0,0
36.36,12.3479169405992,0.0245818027557917,1.35023997963339,0,0
36.37,12.2835489982503,0.111894124921677,1.35092235927178,0,0
36.38,12.2835489982503,0.111894124921677,1.352041300521,0,0
36.39,12.2835489982503,0.111894124921677,1.35316024177021,0,0
36.4,12.2513650270759,-0.242849512660806,1.35250546483152,0,0
36.41,12.2513650270759,-0.187466864989695,1.35035388294326,0,0
36.42,12.165541103944,-0.152406677359627,1.34865451523152,0,0
36.43,12.1977250751184,0.0245818027557917,1.3480153908585,0,0
36.44,12.144085123161,-0.242849512660806,1.34692405230897,0,0
36.45,12.1119011519865,-0.242849512660806,1.34449555718236,0,0
36.46,12.0797171808121,-0.187466864989695,1.34234397529411,0,0
36.47,12.1119011519865,-0.242849512660806,1.34019239340586,0,0
36.48,12.144085123161,-0.242849512660806,1.33776389827925,0,0
36.49,12.144085123161,-0.187466864989695,1.335612316391,0,0
36.5,12.1119011519865,-0.242849512660806,1.33346073450275,0,0
36.51,12.0797171808121,-0.187466864989695,1.33130915261449,0,0
36.52,12.0260772288547,-0.152406677359627,1.32960978490275,0,0
36.53,11.9617092865058,0.0245818027557917,1.32897066052973,0,0
36.54,11.9402533057228,-0.152406677359627,1.32833153615671,0,0
36.55,11.9080693345483,-0.152406677359627,1.32680746938311,0,0
36.56,11.8758853633739,-0.152406677359627,1.32528340260952,0,0
36.57,11.9080693345483,-0.187466864989695,1.32358403489777,0,0
36.58,11.9080693345483,-0.152406677359627,1.32188466718602,0,0
36.59,11.9402533057228,-0.242849512660806,1.31990838623592,0,0
36.6,11.9402533057228,0.0245818027557917,1.3188170476864,0,0
36.61,11.9617092865058,-0.242849512660806,1.31772570913687,0,0
36.62,11.9617092865058,0.0245818027557917,1.31663437058735,0,0
36.63,12.0475332096376,-0.152406677359627,1.31599524621433,0,0
36.64,12.0475332096376,-0.242849512660806,1.31401896526422,0,0
36.65,12.1119011519865,-0.152406677359627,1.31204268431412,0,0
36.66,12.1119011519865,-0.187466864989695,1.31034331660238,0,0
36.67,12.144085123161,0.19066293693981,1.31035929696213,0,0
36.68,12.165541103944,0.0245818027557917,1.3114355206606,0,0
36.69,12.1977250751184,-0.152406677359627,1.31079639628758,0,0
36.7,12.165541103944,-0.152406677359627,1.30927232951399,0,0
36.71,12.1977250751184,-0.152406677359627,1.30774826274039,0,0
36.72,12.1977250751184,0.19066293693981,1.30793954403829,0,0
36.73,12.1977250751184,0.111894124921677,1.3094523293476,0,0
36.74,12.2299090462929,0.19066293693981,1.31096511465691,0,0
36.75,12.2513650270759,-0.152406677359627,1.31115639595481,0,0
36.76,12.2513650270759,-0.152406677359627,1.30963232918121,0,0
36.77,12.2513650270759,0.0245818027557917,1.30899320480819,0,0
36.78,12.2299090462929,-0.152406677359627,1.30835408043517,0,0
36.79,12.2513650270759,0.0245818027557917,1.30771495606215,0,0
36.8,12.2299090462929,-0.152406677359627,1.30707583168914,0,0
36.81,12.1977250751184,-0.152406677359627,1.30555176491554,0,0
36.82,12.2299090462929,0.19066293693981,1.30574304621344,0,0
36.83,12.165541103944,-0.152406677359627,1.30593432751134,0,0
36.84,12.165541103944,0.0245818027557917,1.30529520313832,0,0
36.85,12.144085123161,0.111894124921677,1.30597758277671,0,0
36.86,12.165541103944,0.0245818027557917,1.3066599624151,0,0
36.87,12.144085123161,0.0245818027557917,1.30690578044265,0,0
36.88,12.144085123161,0.19066293693981,1.30798200414113,0,0
36.89,12.144085123161,0.0245818027557917,1.30905822783961,0,0
36.9,12.144085123161,0.111894124921677,1.309740607478,0,0
36.91,12.144085123161,0.0245818027557917,1.31042298711638,0,0
36.92,12.1119011519865,0.111894124921677,1.31110536675477,0,0
36.93,12.1119011519865,0.0245818027557917,1.31178774639316,0,0
36.94,12.0797171808121,-0.152406677359627,1.31114862202014,0,0
36.95,12.0797171808121,0.0245818027557917,1.31050949764712,0,0
36.96,12.0797171808121,-0.152406677359627,1.3098703732741,0,0
36.97,12.0797171808121,0.111894124921677,1.30966781051191,0,0
36.98,12.0260772288547,-0.152406677359627,1.30946524774972,0,0
36.99,12.0475332096376,0.111894124921677,1.30926268498753,0,0
37,12.0475332096376,-0.152406677359627,1.30906012222534,0,0
37.01,12.0475332096376,0.0245818027557917,1.30842099785232,0,0
37.02,12.1119011519865,-0.152406677359627,1.3077818734793,0,0
37.03,12.0797171808121,0.19066293693981,1.3079731547772,0,0
37.04,12.0797171808121,0.19066293693981,1.3098797841466,0,0
37.05,12.0797171808121,0.19066293693981,1.311786413516,0,0
37.06,12.1119011519865,0.0245818027557917,1.31286263721448,0,0
37.07,12.0797171808121,0.268515262170148,1.31432812253911,0,0
37.08,12.0797171808121,0.268515262170148,1.31701327516081,0,0
37.09,12.0797171808121,0.268515262170148,1.31969842778251,0,0
37.1,12.0475332096376,0.19066293693981,1.32199431877806,0,0
37.11,12.0797171808121,0.268515262170148,1.32429020977361,0,0
37.12,12.0260772288547,0.0245818027557917,1.32575569509824,0,0
37.13,12.0260772288547,0.0245818027557917,1.3260015131258,0,0
37.14,11.9938932576802,-0.242849512660806,1.32491017457627,0,0
37.15,11.9938932576802,-0.242849512660806,1.32248167944967,0,0
37.16,11.9938932576802,0.0245818027557917,1.32139034090014,0,0
37.17,11.9938932576802,0.0245818027557917,1.3216361589277,0,0
37.18,12.0260772288547,-0.242849512660806,1.32054482037817,0,0
37.19,11.9938932576802,0.0245818027557917,1.31945348182865,0,0
37.2,11.9617092865058,-0.242849512660806,1.31836214327912,0,0
37.21,11.9617092865058,-0.242849512660806,1.31593364815252,0,0
37.22,11.9938932576802,-0.187466864989695,1.31378206626426,0,0
37.23,11.9080693345483,-0.152406677359627,1.31208269855252,0,0
37.24,11.9080693345483,0.111894124921677,1.31188013579033,0,0
37.25,11.8758853633739,0.111894124921677,1.31299907703954,0,0
37.26,11.8758853633739,0.19066293693981,1.31451186234885,0,0
37.27,11.8544293825909,0.19066293693981,1.31641849171825,0,0
37.28,11.8544293825909,0.245325122751503,1.31859843201671,0,0
37.29,11.811517421025,0.245325122751503,1.32105168324422,0,0
37.3,11.7793334498505,0.19066293693981,1.32323162354268,0,0
37.31,11.811517421025,0.245325122751503,1.32541156384113,0,0
37.32,11.8758853633739,0.19066293693981,1.32759150413959,0,0
37.33,11.9080693345483,0.111894124921677,1.3291042894489,0,0
37.34,11.9080693345483,0.19066293693981,1.3306170747582,0,0
37.35,11.9402533057228,0.0245818027557917,1.33169329845668,0,0
37.36,11.9402533057228,-0.152406677359627,1.33105417408366,0,0
37.37,11.9080693345483,-0.187466864989695,1.32935480637192,0,0
37.38,11.9080693345483,-0.187466864989695,1.32748013772202,0,0
37.39,11.8758853633739,-0.242849512660806,1.32532855583377,0,0
37.4,11.8758853633739,-0.187466864989695,1.32317697394552,0,0
37.41,11.9080693345483,-0.187466864989695,1.32130230529562,0,0
37.42,11.8758853633739,-0.242849512660806,1.31915072340737,0,0
37.43,11.9402533057228,-0.187466864989695,1.31699914151911,0,0
37.44,11.9402533057228,-0.187466864989695,1.31512447286922,0,0
37.45,11.9402533057228,0.19066293693981,1.31514045322897,0,0
37.46,11.9402533057228,0.111894124921677,1.31665323853827,0,0
37.47,11.9617092865058,0.111894124921677,1.31777217978749,0,0
37.48,11.9938932576802,0.19066293693981,1.3192849650968,0,0
37.49,12.0260772288547,0.19066293693981,1.3211915944662,0,0
37.5,12.0260772288547,0.19066293693981,1.32309822383559,0,0
37.51,12.0475332096376,0.19066293693981,1.32500485320499,0,0
37.52,12.0797171808121,0.245325122751503,1.32718479350345,0,0
37.53,12.0260772288547,0.19066293693981,1.32936473380191,0,0
37.54,12.0260772288547,0.111894124921677,1.33087751911121,0,0
37.55,12.0260772288547,0.245325122751503,1.33266361534958,0,0
37.56,11.9938932576802,0.0245818027557917,1.33401314997712,0,0
37.57,12.0260772288547,0.0245818027557917,1.33425896800467,0,0
37.58,11.9617092865058,0.0245818027557917,1.33450478603223,0,0
37.59,11.9617092865058,-0.152406677359627,1.33386566165921,0,0
37.6,11.9617092865058,-0.152406677359627,1.33234159488562,0,0
37.61,11.9617092865058,0.0245818027557917,1.3317024705126,0,0
37.62,11.9402533057228,-0.152406677359627,1.33106334613958,0,0
37.63,11.8758853633739,0.0245818027557917,1.33042422176656,0,0
37.64,11.9080693345483,-0.152406677359627,1.32978509739354,0,0
37.65,11.8758853633739,-0.242849512660806,1.32780881644344,0,0
37.66,11.8544293825909,-0.152406677359627,1.32583253549333,0,0
37.67,11.8544293825909,-0.152406677359627,1.32430846871974,0,0
37.68,11.8544293825909,0.19066293693981,1.32449975001764,0,0
37.69,11.7471494786761,0.111894124921677,1.32601253532695,0,0
37.7,11.7471494786761,-0.152406677359627,1.32580997256476,0,0
37.71,11.6935095267186,0.19066293693981,1.32600125386266,0,0
37.72,11.6935095267186,0.0245818027557917,1.32707747756114,0,0
37.73,11.6613255555442,0.111894124921677,1.32775985719952,0,0
37.74,11.6291415843697,-0.152406677359627,1.32755729443733,0,0
37.75,11.5969576131953,0.0245818027557917,1.32691817006431,0,0
37.76,11.5969576131953,-0.152406677359627,1.32627904569129,0,0
37.77,11.5969576131953,0.19066293693981,1.3264703269892,0,0
37.78,11.5969576131953,-0.152406677359627,1.3266616082871,0,0
37.79,11.6291415843697,-0.152406677359627,1.3251375415135,0,0
37.8,11.6291415843697,0.19066293693981,1.3253288228114,0,0
37.81,11.6291415843697,0.111894124921677,1.32684160812071,0,0
37.82,11.6613255555442,0.111894124921677,1.32796054936993,0,0
37.83,11.6613255555442,0.111894124921677,1.32907949061914,0,0
37.84,11.7256934978931,0.19066293693981,1.33059227592845,0,0
37.85,11.7256934978931,0.111894124921677,1.33210506123776,0,0
37.86,11.7471494786761,0.0245818027557917,1.33278744087614,0,0
37.87,11.7471494786761,0.111894124921677,1.33346982051453,0,0
37.88,11.7793334498505,-0.152406677359627,1.33326725775234,0,0
37.89,11.811517421025,-0.152406677359627,1.33174319097875,0,0
37.9,11.811517421025,0.19066293693981,1.33193447227665,0,0
37.91,11.811517421025,0.19066293693981,1.33384110164604,0,0
37.92,11.8758853633739,-0.152406677359627,1.33403238294395,0,0
37.93,11.8758853633739,-0.152406677359627,1.33250831617035,0,0
37.94,11.8758853633739,-0.152406677359627,1.33098424939675,0,0
37.95,11.8758853633739,0.111894124921677,1.33078168663456,0,0
37.96,11.9402533057228,0.19066293693981,1.33229447194387,0,0
37.97,11.9080693345483,0.19066293693981,1.33420110131327,0,0
37.98,11.9080693345483,0.111894124921677,1.33571388662258,0,0
37.99,11.9080693345483,0.19066293693981,1.33722667193188,0,0
38,11.9080693345483,0.19066293693981,1.33913330130128,0,0
38.01,11.8758853633739,0.19066293693981,1.34103993067068,0,0
38.02,11.8758853633739,0.19066293693981,1.34294656004008,0,0
38.03,11.8544293825909,0.19066293693981,1.34485318940948,0,0
38.04,11.8758853633739,0.19066293693981,1.34675981877887,0,0
38.05,11.7793334498505,0.19066293693981,1.34866644814827,0,0
38.06,11.7471494786761,0.0245818027557917,1.34974267184675,0,0
38.07,11.6935095267186,0.19066293693981,1.35081889554523,0,0
38.08,11.6613255555442,0.19066293693981,1.35272552491463,0,0
38.09,11.5969576131953,-0.152406677359627,1.35291680621253,0,0
38.1,11.5647736420208,-0.152406677359627,1.35139273943893,0,0
38.11,11.5647736420208,0.0245818027557917,1.35075361506591,0,0
38.12,11.5647736420208,0.0245818027557917,1.35099943309347,0,0
38.13,11.5647736420208,0.0245818027557917,1.35124525112103,0,0
38.14,11.6291415843697,-0.152406677359627,1.35060612674801,0,0
38.15,11.6613255555442,0.0245818027557917,1.34996700237499,0,0
38.16,11.7256934978931,0.0245818027557917,1.35021282040255,0,0
38.17,11.7256934978931,0.111894124921677,1.35089520004093,0,0
38.18,11.7256934978931,0.0245818027557917,1.35157757967932,0,0
38.19,11.7256934978931,0.111894124921677,1.35225995931771,0,0
38.2,11.6935095267186,-0.152406677359627,1.35205739655552,0,0
38.21,11.6613255555442,0.111894124921677,1.35185483379333,0,0
38.22,11.6935095267186,-0.152406677359627,1.35165227103114,0,0
38.23,11.7256934978931,0.0245818027557917,1.35101314665812,0,0
38.24,11.7256934978931,-0.152406677359627,1.3503740222851,0,0
38.25,11.7793334498505,0.0245818027557917,1.34973489791208,0,0
38.26,11.7793334498505,0.111894124921677,1.35041727755047,0,0
38.27,11.811517421025,0.19066293693981,1.35193006285978,0,0
38.28,11.8544293825909,0.19066293693981,1.35383669222917,0,0
38.29,11.8544293825909,0.111894124921677,1.35534947753848,0,0
38.3,11.9080693345483,0.0245818027557917,1.35603185717687,0,0
38.31,11.8758853633739,0.0245818027557917,1.35627767520443,0,0
38.32,11.8544293825909,-0.242849512660806,1.3551863366549,0,0
38.33,11.8758853633739,0.0245818027557917,1.35409499810538,0,0
38.34,11.8758853633739,-0.152406677359627,1.35345587373236,0,0
38.35,11.8544293825909,-0.152406677359627,1.35193180695876,0,0
38.36,11.8544293825909,-0.152406677359627,1.35040774018517,0,0
38.37,11.8758853633739,-0.152406677359627,1.34888367341157,0,0
38.38,11.8544293825909,-0.152406677359627,1.34735960663797,0,0
38.39,11.811517421025,-0.152406677359627,1.34583553986438,0,0
38.4,11.8544293825909,0.111894124921677,1.34563297710219,0,0
38.41,11.8544293825909,0.0245818027557917,1.34631535674057,0,0
38.42,11.8544293825909,0.19066293693981,1.34739158043905,0,0
38.43,11.8544293825909,0.19066293693981,1.34929820980845,0,0
38.44,11.7793334498505,-0.152406677359627,1.34948949110635,0,0
38.45,11.811517421025,-0.242849512660806,1.34751321015625,0,0
38.46,11.811517421025,0.0245818027557917,1.34642187160672,0,0
38.47,11.811517421025,0.19066293693981,1.3474980953052,0,0
38.48,11.811517421025,-0.152406677359627,1.3476893766031,0,0
38.49,11.811517421025,-0.152406677359627,1.34616530982951,0,0
38.5,11.7793334498505,-0.187466864989695,1.34446594211776,0,0
38.51,11.7471494786761,-0.242849512660806,1.34231436022951,0,0
38.52,11.7256934978931,-0.242849512660806,1.3398858651029,0,0
38.53,11.6935095267186,0.0245818027557917,1.33879452655337,0,0
38.54,11.6935095267186,-0.242849512660806,1.33770318800385,0,0
38.55,11.7256934978931,-0.242849512660806,1.33527469287724,0,0
38.56,11.6935095267186,-0.242849512660806,1.33284619775063,0,0
38.57,11.7256934978931,-0.187466864989695,1.33069461586238,0,0
38.58,11.6613255555442,-0.187466864989695,1.32881994721248,0,0
38.59,11.6613255555442,-0.187466864989695,1.32694527856259,0,0
38.6,11.6291415843697,0.19066293693981,1.32696125892234,0,0
38.61,11.6291415843697,0.19066293693981,1.32886788829174,0,0
38.62,11.5969576131953,-0.152406677359627,1.32905916958964,0,0
38.63,11.5969576131953,0.19066293693981,1.32925045088754,0,0
38.64,11.5647736420208,-0.152406677359627,1.32944173218544,0,0
38.65,11.5647736420208,-0.152406677359627,1.32791766541184,0,0
38.66,11.5647736420208,-0.152406677359627,1.32639359863825,0,0
38.67,11.6291415843697,0.268515262170148,1.3269741415623,0,0
38.68,11.5969576131953,0.111894124921677,1.32887618849776,0,0
38.69,11.6291415843697,0.19066293693981,1.33038897380706,0,0
38.7,11.6291415843697,0.111894124921677,1.33190175911637,0,0
38.71,11.6613255555442,-0.152406677359627,1.33169919635418,0,0
38.72,11.6935095267186,0.0245818027557917,1.33106007198116,0,0
38.73,11.6935095267186,-0.152406677359627,1.33042094760814,0,0
38.74,11.6613255555442,0.0245818027557917,1.32978182323512,0,0
38.75,11.6935095267186,0.0245818027557917,1.33002764126268,0,0
38.76,11.7256934978931,-0.152406677359627,1.32938851688966,0,0
38.77,11.6935095267186,0.0245818027557917,1.32874939251664,0,0
38.78,11.6935095267186,0.0245818027557917,1.3289952105442,0,0
38.79,11.7256934978931,0.19066293693981,1.33007143424268,0,0
38.8,11.6935095267186,-0.152406677359627,1.33026271554058,0,0
38.81,11.6935095267186,0.0245818027557917,1.32962359116756,0,0
38.82,11.6935095267186,-0.152406677359627,1.32898446679454,0,0
38.83,11.6291415843697,-0.152406677359627,1.32746040002095,0,0
38.84,11.6613255555442,0.19066293693981,1.32765168131885,0,0
38.85,11.6291415843697,-0.152406677359627,1.32784296261675,0,0
38.86,11.6613255555442,0.0245818027557917,1.32720383824373,0,0
38.87,11.6291415843697,0.0245818027557917,1.32744965627129,0,0
38.88,11.6291415843697,0.19066293693981,1.32852587996976,0,0
38.89,11.6291415843697,0.0245818027557917,1.32960210366824,0,0
38.9,11.5647736420208,0.19066293693981,1.33067832736672,0,0
38.91,11.5647736420208,0.19066293693981,1.33258495673612,0,0
38.92,11.5969576131953,0.0245818027557917,1.3336611804346,0,0
38.93,11.6613255555442,-0.152406677359627,1.33302205606158,0,0
38.94,11.6935095267186,-0.187466864989695,1.33132268834983,0,0
38.95,11.6935095267186,-0.187466864989695,1.32944801969993,0,0
38.96,11.6291415843697,-0.242849512660806,1.32729643781168,0,0
38.97,11.5969576131953,-0.152406677359627,1.32532015686158,0,0
38.98,11.5111336900634,-0.187466864989695,1.32362078914983,0,0
38.99,11.5111336900634,0.19066293693981,1.32363676950958,0,0
39,11.4253097669315,0.0245818027557917,1.32471299320806,0,0
39.01,11.4253097669315,0.0245818027557917,1.32495881123562,0,0
39.02,11.4467657477145,0.111894124921677,1.32564119087401,0,0
39.03,11.4467657477145,0.0245818027557917,1.32632357051239,0,0
39.04,11.5111336900634,0.19066293693981,1.32739979421087,0,0
39.05,11.4253097669315,0.19066293693981,1.32930642358027,0,0
39.06,11.4253097669315,0.111894124921677,1.33081920888958,0,0
39.07,11.4253097669315,-0.152406677359627,1.33061664612739,0,0
39.08,11.4253097669315,0.0245818027557917,1.32997752175437,0,0
39.09,11.4253097669315,0.111894124921677,1.33065990139275,0,0
39.1,11.4253097669315,0.0245818027557917,1.33134228103114,0,0
39.11,11.4253097669315,-0.152406677359627,1.33070315665812,0,0
39.12,11.3931257957571,0.0245818027557917,1.3300640322851,0,0
39.13,11.3609418245826,0.111894124921677,1.33074641192349,0,0
39.14,11.3609418245826,0.0245818027557917,1.33142879156188,0,0
39.15,11.3394858437996,-0.152406677359627,1.33078966718886,0,0
39.16,11.3394858437996,-0.152406677359627,1.32926560041526,0,0
39.17,11.3073018726252,0.19066293693981,1.32945688171316,0,0
39.18,11.3073018726252,0.111894124921677,1.33096966702247,0,0
39.19,11.3073018726252,0.0245818027557917,1.33165204666086,0,0
39.2,11.3073018726252,0.0245818027557917,1.33189786468842,0,0
39.21,11.2751179014507,0.0245818027557917,1.33214368271597,0,0
39.22,11.2214779494933,0.0245818027557917,1.33238950074353,0,0
39.23,11.2214779494933,0.111894124921677,1.33307188038192,0,0
39.24,11.1892939783188,0.19066293693981,1.33458466569123,0,0
39.25,11.1892939783188,0.0245818027557917,1.3356608893897,0,0
39.26,11.103470055187,0.19066293693981,1.33673711308818,0,0
39.27,11.1356540263614,0.0245818027557917,1.33781333678666,0,0
39.28,11.1356540263614,-0.152406677359627,1.33717421241364,0,0
39.29,11.1356540263614,0.268515262170148,1.33775475533769,0,0
39.3,11.0712860840125,0.111894124921677,1.33965680227315,0,0
39.31,11.0391021128381,0.111894124921677,1.34077574352237,0,0
39.32,11.0712860840125,0.0245818027557917,1.34145812316076,0,0
39.33,11.0391021128381,-0.152406677359627,1.34081899878774,0,0
39.34,10.9532781897062,0.0245818027557917,1.34017987441472,0,0
39.35,10.9532781897062,0.0245818027557917,1.34042569244228,0,0
39.36,10.8674542665743,0.0245818027557917,1.34067151046983,0,0
39.37,10.8996382377487,0.0245818027557917,1.34091732849739,0,0
39.38,10.8996382377487,0.0245818027557917,1.34116314652495,0,0
39.39,10.8674542665743,0.111894124921677,1.34184552616334,0,0
39.4,10.8674542665743,0.0245818027557917,1.34252790580173,0,0
39.41,10.8674542665743,-0.152406677359627,1.34188878142871,0,0
39.42,10.8674542665743,-0.152406677359627,1.34036471465511,0,0
39.43,10.8138143146169,-0.152406677359627,1.33884064788151,0,0
39.44,10.8138143146169,0.19066293693981,1.33903192917941,0,0
39.45,10.8138143146169,0.0245818027557917,1.34010815287789,0,0
39.46,10.8138143146169,0.19066293693981,1.34118437657637,0,0
39.47,10.8138143146169,0.19066293693981,1.34309100594577,0,0
39.48,10.8138143146169,0.19066293693981,1.34499763531517,0,0
39.49,10.8138143146169,-0.152406677359627,1.34518891661307,0,0
39.5,10.8138143146169,-0.152406677359627,1.34366484983947,0,0
39.51,10.8674542665743,0.111894124921677,1.34346228707728,0,0
39.52,10.8996382377487,-0.152406677359627,1.34325972431509,0,0
39.53,10.8674542665743,-0.152406677359627,1.3417356575415,0,0
39.54,10.8996382377487,0.0245818027557917,1.34109653316848,0,0
39.55,10.8674542665743,-0.187466864989695,1.34028210785731,0,0
39.56,10.8996382377487,0.0245818027557917,1.33946768254614,0,0
39.57,10.8996382377487,-0.152406677359627,1.33882855817312,0,0
39.58,10.8996382377487,0.0245818027557917,1.3381894338001,0,0
39.59,10.8996382377487,0.0245818027557917,1.33843525182766,0,0
39.6,10.8674542665743,0.0245818027557917,1.33868106985521,0,0
39.61,10.8674542665743,-0.187466864989695,1.33786664454404,0,0
39.62,10.8674542665743,-0.187466864989695,1.33599197589415,0,0
39.63,10.8138143146169,-0.187466864989695,1.33411730724425,0,0
39.64,10.8138143146169,-0.187466864989695,1.33224263859435,0,0
39.65,10.7923583338339,0.111894124921677,1.33186477489401,0,0
39.66,10.7601743626594,0.19066293693981,1.33337756020332,0,0
39.67,10.8138143146169,0.19066293693981,1.33528418957272,0,0
39.68,10.8138143146169,0.19066293693981,1.33719081894212,0,0
39.69,10.8674542665743,0.111894124921677,1.33870360425143,0,0
39.7,10.9318222089232,0.0245818027557917,1.33938598388981,0,0
39.71,10.9532781897062,-0.152406677359627,1.33874685951679,0,0
39.72,10.9532781897062,0.0245818027557917,1.33810773514377,0,0
39.73,10.9532781897062,0.0245818027557917,1.33835355317133,0,0
39.74,10.9318222089232,0.19066293693981,1.33942977686981,0,0
39.75,10.8996382377487,-0.152406677359627,1.33962105816771,0,0
39.76,10.9318222089232,-0.152406677359627,1.33809699139411,0,0
39.77,10.9318222089232,0.111894124921677,1.33789442863192,0,0
39.78,10.9854621608806,0.111894124921677,1.33901336988114,0,0
39.79,11.0176461320551,-0.152406677359627,1.33881080711895,0,0
39.8,11.0176461320551,-0.152406677359627,1.33728674034536,0,0
39.81,11.0391021128381,0.0245818027557917,1.33664761597234,0,0
39.82,11.0712860840125,0.19066293693981,1.33772383967081,0,0
39.83,11.0712860840125,0.19066293693981,1.33963046904021,0,0
39.84,11.0391021128381,-0.152406677359627,1.33982175033811,0,0
39.85,11.0712860840125,0.19066293693981,1.34001303163601,0,0
39.86,11.0712860840125,-0.242849512660806,1.33975209875741,0,0
39.87,11.0712860840125,-0.187466864989695,1.33760051686916,0,0
39.88,11.0712860840125,-0.187466864989695,1.33572584821926,0,0
39.89,11.0712860840125,-0.152406677359627,1.33402648050751,0,0
39.9,11.0712860840125,-0.187466864989695,1.33232711279577,0,0
39.91,11.0391021128381,-0.152406677359627,1.33062774508402,0,0
39.92,11.0176461320551,-0.242849512660806,1.32865146413392,0,0
39.93,10.9854621608806,-0.187466864989695,1.32649988224566,0,0
39.94,10.9532781897062,-0.187466864989695,1.32462521359577,0,0
39.95,10.9532781897062,-0.187466864989695,1.32275054494587,0,0
39.96,10.8674542665743,0.111894124921677,1.32237268124553,0,0
39.97,10.8138143146169,0.19066293693981,1.32388546655484,0,0
39.98,10.7601743626594,-0.152406677359627,1.32407674785274,0,0
39.99,10.727990391485,0.0245818027557917,1.32343762347972,0,0
40,10.706534410702,0.111894124921677,1.32412000311811,0,0
40.01,10.706534410702,0.111894124921677,1.32523894436732,0,0
40.02,10.706534410702,0.19066293693981,1.32675172967663,0,0
40.03,10.6743504395276,0.111894124921677,1.32826451498594,0,0
40.04,10.6743504395276,-0.152406677359627,1.32806195222375,0,0
40.05,10.6421664683531,0.19066293693981,1.32825323352165,0,0
40.06,10.6421664683531,-0.152406677359627,1.32844451481955,0,0
40.07,10.5885265163957,-0.152406677359627,1.32692044804595,0,0
40.08,10.5885265163957,-0.242849512660806,1.32494416709585,0,0
40.09,10.5885265163957,0.0245818027557917,1.32385282854633,0,0
40.1,10.5885265163957,0.0245818027557917,1.32409864657389,0,0
40.11,10.5885265163957,-0.152406677359627,1.32345952220087,0,0
40.12,10.6207104875701,-0.187466864989695,1.32176015448912,0,0
40.13,10.5563425452212,-0.242849512660806,1.31960857260087,0,0
40.14,10.5885265163957,-0.242849512660806,1.31718007747426,0,0
40.15,10.5885265163957,-0.242849512660806,1.31475158234765,0,0
40.16,10.5885265163957,-0.187466864989695,1.3126000004594,0,0
40.17,10.5563425452212,0.19066293693981,1.31261598081915,0,0
40.18,10.5885265163957,-0.152406677359627,1.31280726211705,0,0
40.19,10.5563425452212,0.111894124921677,1.31260469935486,0,0
40.2,10.5563425452212,0.19066293693981,1.31411748466417,0,0
40.21,10.5241585740468,0.111894124921677,1.31563026997347,0,0
40.22,10.5241585740468,0.111894124921677,1.31674921122269,0,0
40.23,10.5241585740468,-0.152406677359627,1.3165466484605,0,0
40.24,10.5027025932638,-0.242849512660806,1.3145703675104,0,0
40.25,10.5241585740468,0.111894124921677,1.3139155905717,0,0
40.26,10.5563425452212,0.0245818027557917,1.31459797021009,0,0
40.27,10.5563425452212,0.19066293693981,1.31567419390857,0,0
40.28,10.5563425452212,0.0245818027557917,1.31675041760705,0,0
40.29,10.5885265163957,0.0245818027557917,1.3169962356346,0,0
40.3,10.5563425452212,-0.152406677359627,1.31635711126159,0,0
40.31,10.5885265163957,-0.242849512660806,1.31438083031148,0,0
40.32,10.5885265163957,0.0245818027557917,1.31328949176196,0,0
40.33,10.5885265163957,0.0245818027557917,1.31353530978952,0,0
40.34,10.6207104875701,0.0245818027557917,1.31378112781707,0,0
40.35,10.5563425452212,-0.152406677359627,1.31314200344406,0,0
40.36,10.5563425452212,0.0245818027557917,1.31250287907104,0,0
40.37,10.5563425452212,0.111894124921677,1.31318525870942,0,0
40.38,10.5563425452212,0.0245818027557917,1.31386763834781,0,0
40.39,10.5241585740468,0.111894124921677,1.3145500179862,0,0
40.4,10.5241585740468,0.0245818027557917,1.31523239762458,0,0
40.41,10.4705186220893,0.111894124921677,1.31591477726297,0,0
40.42,10.5027025932638,0.111894124921677,1.31703371851219,0,0
40.43,10.5027025932638,-0.152406677359627,1.31683115575,0,0
40.44,10.5241585740468,0.0245818027557917,1.31619203137698,0,0
40.45,10.5885265163957,0.111894124921677,1.31687441101537,0,0
40.46,10.5563425452212,0.111894124921677,1.31799335226458,0,0
40.47,10.5563425452212,0.19066293693981,1.31950613757389,0,0
40.48,10.5563425452212,0.111894124921677,1.3210189228832,0,0
40.49,10.5563425452212,0.111894124921677,1.32213786413242,0,0
40.5,10.5027025932638,0.19066293693981,1.32365064944172,0,0
40.51,10.4383346509149,-0.152406677359627,1.32384193073962,0,0
40.52,10.4383346509149,0.111894124921677,1.32363936797743,0,0
40.53,10.4705186220893,0.19066293693981,1.32515215328674,0,0
40.54,10.4705186220893,0.0245818027557917,1.32622837698522,0,0
40.55,10.4705186220893,-0.152406677359627,1.3255892526122,0,0
40.56,10.4383346509149,0.0245818027557917,1.32495012823918,0,0
40.57,10.5027025932638,-0.152406677359627,1.32431100386616,0,0
40.58,10.5027025932638,-0.152406677359627,1.32278693709257,0,0
40.59,10.5027025932638,0.0245818027557917,1.32214781271955,0,0
40.6,10.5241585740468,0.0245818027557917,1.3223936307471,0,0
40.61,10.5027025932638,-0.152406677359627,1.32175450637408,0,0
40.62,10.5027025932638,0.111894124921677,1.3215519436119,0,0
40.63,10.4705186220893,0.19066293693981,1.3230647289212,0,0
40.64,10.3846946989575,0.111894124921677,1.32457751423051,0,0
40.65,10.4168786701319,0.0245818027557917,1.3252598938689,0,0
40.66,10.3846946989575,0.0245818027557917,1.32550571189646,0,0
40.67,10.3203267566086,0.111894124921677,1.32618809153484,0,0
40.68,10.352510727783,-0.152406677359627,1.32598552877265,0,0
40.69,10.3203267566086,0.0245818027557917,1.32534640439963,0,0
40.7,10.2988707758256,-0.152406677359627,1.32470728002661,0,0
40.71,10.3203267566086,0.0245818027557917,1.3240681556536,0,0
40.72,10.2988707758256,0.111894124921677,1.32475053529198,0,0
40.73,10.2988707758256,0.0245818027557917,1.32543291493037,0,0
40.74,10.2666868046511,0.19066293693981,1.32650913862885,0,0
40.75,10.2666868046511,0.111894124921677,1.32802192393816,0,0
40.76,10.2988707758256,0.0245818027557917,1.32870430357654,0,0
40.77,10.2988707758256,-0.152406677359627,1.32806517920352,0,0
40.78,10.2988707758256,0.0245818027557917,1.3274260548305,0,0
40.79,10.3203267566086,-0.152406677359627,1.32678693045748,0,0
40.8,10.3203267566086,-0.152406677359627,1.32526286368389,0,0
40.81,10.352510727783,-0.152406677359627,1.32373879691029,0,0
40.82,10.3846946989575,-0.242849512660806,1.32176251596019,0,0
40.83,10.3846946989575,0.0245818027557917,1.32067117741066,0,0
40.84,10.3846946989575,-0.242849512660806,1.31957983886114,0,0
40.85,10.3846946989575,0.0245818027557917,1.31848850031161,0,0
40.86,10.3846946989575,-0.242849512660806,1.31739716176209,0,0
40.87,10.3846946989575,-0.242849512660806,1.31496866663548,0,0
40.88,10.3846946989575,-0.242849512660806,1.31254017150887,0,0
40.89,10.3846946989575,0.0245818027557917,1.31144883295935,0,0
40.9,10.4168786701319,-0.187466864989695,1.31063440764818,0,0
40.91,10.4383346509149,-0.307772604848743,1.30815821029899,0,0
40.92,10.5241585740468,-0.152406677359627,1.30585731388795,0,0
40.93,10.6421664683531,0.0245818027557917,1.30521818951493,0,0
40.94,10.727990391485,-0.187466864989695,1.30440376420376,0,0
40.95,10.7601743626594,-0.242849512660806,1.3022521823155,0,0
40.96,10.8674542665743,-0.242849512660806,1.2998236871889,0,0
40.97,10.9318222089232,-0.152406677359627,1.29784740623879,0,0
40.98,11.0176461320551,-0.242849512660806,1.29587112528869,0,0
40.99,11.0712860840125,-0.187466864989695,1.29371954340044,0,0
41,11.1356540263614,-0.187466864989695,1.29184487475054,0,0
41.01,11.1892939783188,-0.152406677359627,1.2901455070388,0,0
41.02,11.2214779494933,-0.152406677359627,1.2886214402652,0,0
41.03,11.2214779494933,-0.152406677359627,1.2870973734916,0,0
41.04,11.2429339302763,-0.152406677359627,1.28557330671801,0,0
41.05,11.2429339302763,0.111894124921677,1.28537074395582,0,0
41.06,11.3073018726252,0.19066293693981,1.28688352926512,0,0
41.07,11.2429339302763,0.0245818027557917,1.2879597529636,0,0
41.08,11.2214779494933,-0.152406677359627,1.28732062859058,0,0
41.09,11.1892939783188,-0.152406677359627,1.28579656181699,0,0
41.1,11.1571100071444,0.111894124921677,1.2855939990548,0,0
41.11,11.1571100071444,0.111894124921677,1.28671294030401,0,0
41.12,11.1356540263614,-0.242849512660806,1.28605816336532,0,0
41.13,11.0712860840125,-0.152406677359627,1.28408188241522,0,0
41.14,11.0176461320551,-0.187466864989695,1.28238251470347,0,0
41.15,11.0176461320551,0.0245818027557917,1.2815680893923,0,0
41.16,11.0176461320551,-0.242849512660806,1.28047675084277,0,0
41.17,11.0391021128381,-0.242849512660806,1.27804825571617,0,0
41.18,11.0391021128381,-0.187466864989695,1.27589667382791,0,0
41.19,11.103470055187,-0.152406677359627,1.27419730611617,0,0
41.2,11.1356540263614,0.0245818027557917,1.27355818174315,0,0
41.21,11.1356540263614,-0.242849512660806,1.27246684319362,0,0
41.22,11.1356540263614,0.0245818027557917,1.2713755046441,0,0
41.23,11.103470055187,-0.187466864989695,1.27056107933293,0,0
41.24,11.0391021128381,0.0245818027557917,1.26974665402176,0,0
41.25,11.0391021128381,0.0245818027557917,1.26999247204932,0,0
41.26,11.0712860840125,-0.152406677359627,1.2693533476763,0,0
41.27,11.103470055187,-0.242849512660806,1.26737706672619,0,0
41.28,11.103470055187,0.19066293693981,1.26711613384759,0,0
41.29,11.103470055187,-0.152406677359627,1.26730741514549,0,0
41.3,11.1356540263614,-0.152406677359627,1.26578334837189,0,0
41.31,11.1571100071444,-0.242849512660806,1.26380706742179,0,0
41.32,11.1571100071444,-0.152406677359627,1.26183078647169,0,0
41.33,11.2214779494933,-0.152406677359627,1.26030671969809,0,0
41.34,11.1892939783188,0.19066293693981,1.26049800099599,0,0
41.35,11.1892939783188,0.111894124921677,1.2620107863053,0,0
41.36,11.1571100071444,0.0245818027557917,1.26269316594369,0,0
41.37,11.1356540263614,0.0245818027557917,1.26293898397125,0,0
41.38,11.103470055187,0.111894124921677,1.26362136360963,0,0
41.39,11.0712860840125,0.0245818027557917,1.26430374324802,0,0
41.4,11.0712860840125,0.111894124921677,1.26498612288641,0,0
41.41,11.0712860840125,0.19066293693981,1.26649890819572,0,0
41.42,11.0712860840125,0.19066293693981,1.26840553756511,0,0
41.43,11.0391021128381,-0.152406677359627,1.26859681886302,0,0
41.44,11.103470055187,-0.152406677359627,1.26707275208942,0,0
41.45,11.103470055187,-0.152406677359627,1.26554868531582,0,0
41.46,11.0712860840125,-0.152406677359627,1.26402461854223,0,0
41.47,11.1356540263614,-0.242849512660806,1.26204833759212,0,0
41.48,11.1571100071444,-0.242849512660806,1.25961984246552,0,0
41.49,11.2214779494933,-0.242849512660806,1.25719134733891,0,0
41.5,11.2429339302763,-0.187466864989695,1.25503976545066,0,0
41.51,11.2751179014507,0.0245818027557917,1.25422534013949,0,0
41.52,11.3073018726252,-0.152406677359627,1.25358621576647,0,0
41.53,11.3394858437996,-0.152406677359627,1.25206214899287,0,0
41.54,11.3609418245826,0.0245818027557917,1.25142302461985,0,0
41.55,11.3609418245826,0.19066293693981,1.25249924831833,0,0
41.56,11.3931257957571,-0.152406677359627,1.25269052961623,0,0
41.57,11.4253097669315,0.19066293693981,1.25288181091413,0,0
41.58,11.3609418245826,0.19066293693981,1.25478844028353,0,0
41.59,11.3394858437996,0.111894124921677,1.25630122559284,0,0
41.6,11.3073018726252,0.19066293693981,1.25781401090214,0,0
41.61,11.2751179014507,0.19066293693981,1.25972064027154,0,0
41.62,11.2214779494933,0.0245818027557917,1.26079686397002,0,0
41.63,11.1571100071444,0.19066293693981,1.2618730876685,0,0
41.64,11.0712860840125,-0.187466864989695,1.26188906802825,0,0
41.65,11.103470055187,-0.187466864989695,1.26001439937835,0,0
41.66,11.0176461320551,0.0245818027557917,1.25919997406718,0,0
41.67,10.9854621608806,-0.242849512660806,1.25810863551766,0,0
41.68,10.9532781897062,-0.242849512660806,1.25568014039105,0,0
41.69,10.9532781897062,0.0245818027557917,1.25458880184152,0,0
41.7,10.8996382377487,0.0245818027557917,1.25483461986908,0,0
41.71,10.7923583338339,-0.152406677359627,1.25419549549606,0,0
41.72,10.7601743626594,-0.152406677359627,1.25267142872247,0,0
41.73,10.7601743626594,-0.152406677359627,1.25114736194887,0,0
41.74,10.6743504395276,0.0245818027557917,1.25050823757585,0,0
41.75,10.6743504395276,0.111894124921677,1.25119061721424,0,0
41.76,10.6207104875701,0.111894124921677,1.25230955846346,0,0
41.77,10.5885265163957,0.111894124921677,1.25342849971267,0,0
41.78,10.5241585740468,0.19066293693981,1.25494128502198,0,0
41.79,10.4705186220893,0.19066293693981,1.25684791439138,0,0
41.8,10.4383346509149,0.19066293693981,1.25875454376078,0,0
41.81,10.4168786701319,0.111894124921677,1.26026732907008,0,0
41.82,10.3846946989575,0.19066293693981,1.26178011437939,0,0
41.83,10.3846946989575,0.19066293693981,1.26368674374879,0,0
41.84,10.352510727783,0.111894124921677,1.2651995290581,0,0
41.85,10.3203267566086,0.0245818027557917,1.26588190869648,0,0
41.86,10.2666868046511,-0.152406677359627,1.26524278432346,0,0
41.87,10.2345028334767,0.0245818027557917,1.26460365995045,0,0
41.88,10.1808628815193,-0.307772604848743,1.26318770593998,0,0
41.89,10.1164949391703,-0.152406677359627,1.26088680952894,0,0
41.9,10.0950389583874,-0.187466864989695,1.25918744181719,0,0
41.91,10.0950389583874,0.0245818027557917,1.25837301650602,0,0
41.92,10.0950389583874,-0.152406677359627,1.257733892133,0,0
41.93,10.0628549872129,-0.242849512660806,1.2557576111829,0,0
41.94,10.0306710160385,0.0245818027557917,1.25466627263338,0,0
41.95,10.0306710160385,-0.152406677359627,1.25402714826036,0,0
41.96,10.0092150352555,0.111894124921677,1.25382458549817,0,0
41.97,9.91266312173213,0.0245818027557917,1.25450696513655,0,0
41.98,9.78392723703431,0.0245818027557917,1.25475278316411,0,0
41.99,9.7195592946854,0.111894124921677,1.2554351628025,0,0
42,9.63373537155352,0.268515262170148,1.25733720973796,0,0
42.01,9.54791144842164,0.0245818027557917,1.25880269506259,0,0
42.02,9.51572747724718,0.0245818027557917,1.25904851309015,0,0
42.03,9.49427149646421,0.19066293693981,1.26012473678862,0,0
42.04,9.4299035541153,0.19066293693981,1.26203136615802,0,0
42.05,9.40844757333233,0.0245818027557917,1.2631075898565,0,0
42.06,9.31189565980897,0.19066293693981,1.26418381355498,0,0
42.07,9.290439679026,0.0245818027557917,1.26526003725346,0,0
42.08,9.22607173667709,0.19066293693981,1.26633626095193,0,0
42.09,9.20461575589412,0.19066293693981,1.26824289032133,0,0
42.1,9.12951982315372,0.268515262170148,1.27053878131688,0,0
42.11,9.0758798711963,-0.152406677359627,1.27111932424093,0,0
42.12,9.09733585197927,0.19066293693981,1.27131060553884,0,0
42.13,9.01151192884739,0.19066293693981,1.27321723490823,0,0
42.14,8.92568800571551,0.111894124921677,1.27473002021754,0,0
42.15,8.89350403454105,0.0245818027557917,1.27541239985593,0,0
42.16,8.79695212101769,0.19066293693981,1.27648862355441,0,0
42.17,8.74331216906026,-0.152406677359627,1.27667990485231,0,0
42.18,8.68967221710284,-0.187466864989695,1.27498053714056,0,0
42.19,8.68967221710284,-0.152406677359627,1.27328116942881,0,0
42.2,8.62530427475393,-0.242849512660806,1.27130488847871,0,0
42.21,8.5716643227965,-0.152406677359627,1.26932860752861,0,0
42.22,8.50729638044759,0.0245818027557917,1.26868948315559,0,0
42.23,8.48584039966462,0.19066293693981,1.26976570685407,0,0
42.24,8.48584039966462,0.0245818027557917,1.27084193055255,0,0
42.25,8.38928848614126,-0.152406677359627,1.27020280617953,0,0
42.26,8.42147245731571,0.0245818027557917,1.26956368180651,0,0
42.27,8.38928848614126,-0.152406677359627,1.26892455743349,0,0
42.28,8.38928848614126,-0.187466864989695,1.26722518972174,0,0
42.29,8.38928848614126,-0.152406677359627,1.26552582200999,0,0
42.3,8.38928848614126,-0.242849512660806,1.26354954105989,0,0
42.31,8.38928848614126,0.0245818027557917,1.26245820251037,0,0
42.32,8.33564853418383,-0.187466864989695,1.2616437771992,0,0
42.33,8.33564853418383,0.0245818027557917,1.26082935188803,0,0
42.34,8.29273657261789,0.0245818027557917,1.26107516991559,0,0
42.35,8.23909662066047,0.0245818027557917,1.26132098794314,0,0
42.36,8.15327269752859,0.0245818027557917,1.2615668059707,0,0
42.37,8.12108872635413,-0.152406677359627,1.26092768159768,0,0
42.38,8.12108872635413,0.0245818027557917,1.26028855722466,0,0
42.39,8.06744877439671,0.19066293693981,1.26136478092314,0,0
42.4,8.03526480322225,0.0245818027557917,1.26244100462162,0,0
42.41,7.98162485126483,-0.152406677359627,1.2618018802486,0,0
42.42,7.94944088009037,0.0245818027557917,1.26116275587558,0,0
42.43,7.91725690891592,0.0245818027557917,1.26140857390314,0,0
42.44,7.82070499539256,0.0245818027557917,1.2616543919307,0,0
42.45,7.7885210242181,0.0245818027557917,1.26190020995826,0,0
42.46,7.82070499539256,0.19066293693981,1.26297643365673,0,0
42.47,7.7885210242181,0.0245818027557917,1.26405265735521,0,0
42.48,7.7885210242181,0.19066293693981,1.26512888105369,0,0
42.49,7.7885210242181,0.0245818027557917,1.26620510475217,0,0
42.5,7.73488107226068,0.0245818027557917,1.26645092277973,0,0
42.51,7.70269710108622,-0.187466864989695,1.26563649746856,0,0
42.52,7.61687317795434,-0.242849512660806,1.2634849155803,0,0
42.53,7.61687317795434,-0.187466864989695,1.26133333369205,0,0
42.54,7.58468920677988,-0.187466864989695,1.25945866504215,0,0
42.55,7.53104925482246,-0.242849512660806,1.2573070831539,0,0
42.56,7.498865283648,-0.187466864989695,1.25515550126565,0,0
42.57,7.47740930286504,0.0245818027557917,1.25434107595448,0,0
42.58,7.40231337012464,0.0245818027557917,1.25458689398204,0,0
42.59,7.40231337012464,-0.152406677359627,1.25394776960902,0,0
42.6,7.34867341816722,0.0245818027557917,1.253308645236,0,0
42.61,7.31648944699276,0.0245818027557917,1.25355446326356,0,0
42.62,7.28430547581831,0.19066293693981,1.25463068696204,0,0
42.63,7.23066552386088,-0.152406677359627,1.25482196825994,0,0
42.64,7.16629758151197,0.0245818027557917,1.25418284388692,0,0
42.65,7.11265762955455,0.111894124921677,1.2548652235253,0,0
42.66,7.11265762955455,0.0245818027557917,1.25554760316369,0,0
42.67,7.11265762955455,0.111894124921677,1.25622998280208,0,0
42.68,7.16629758151197,0.0245818027557917,1.25691236244047,0,0
42.69,7.23066552386088,0.19066293693981,1.25798858613894,0,0
42.7,7.16629758151197,0.19066293693981,1.25989521550834,0,0
42.71,7.144841600729,0.19066293693981,1.26180184487774,0,0
42.72,7.02683370642267,0.19066293693981,1.26370847424714,0,0
42.73,6.94100978329079,0.0245818027557917,1.26478469794562,0,0
42.74,6.86591385055039,0.0245818027557917,1.26503051597317,0,0
42.75,6.84445786976742,0.111894124921677,1.26571289561156,0,0
42.76,6.84445786976742,0.111894124921677,1.26683183686078,0,0
42.77,6.86591385055039,0.0245818027557917,1.26751421649917,0,0
42.78,6.86591385055039,0.19066293693981,1.26859044019764,0,0
42.79,6.86591385055039,0.0245818027557917,1.26966666389612,0,0
42.8,6.84445786976742,0.268515262170148,1.27113214922075,0,0
42.81,6.84445786976742,0.111894124921677,1.27303419615621,0,0
42.82,6.86591385055039,0.19066293693981,1.27454698146552,0,0
42.83,6.86591385055039,-0.152406677359627,1.27473826276342,0,0
42.84,6.86591385055039,0.0245818027557917,1.2740991383904,0,0
42.85,6.84445786976742,0.0245818027557917,1.27434495641796,0,0
42.86,6.81227389859297,0.0245818027557917,1.27459077444552,0,0
42.87,6.75863394663554,0.111894124921677,1.2752731540839,0,0
42.88,6.75863394663554,0.0245818027557917,1.27595553372229,0,0
42.89,6.66208203311218,0.19066293693981,1.27703175742077,0,0
42.9,6.64062605232921,-0.187466864989695,1.27704773778052,0,0
42.91,6.56553011958881,0.0245818027557917,1.27623331246935,0,0
42.92,6.54407413880584,0.19066293693981,1.27730953616783,0,0
42.93,6.51189016763139,0.0245818027557917,1.2783857598663,0,0
42.94,6.51189016763139,-0.187466864989695,1.27757133455514,0,0
42.95,6.44752222528248,0.0245818027557917,1.27675690924397,0,0
42.96,6.39388227332505,-0.187466864989695,1.2759424839328,0,0
42.97,6.34024232136763,0.0245818027557917,1.27512805862163,0,0
42.98,6.30805835019317,-0.152406677359627,1.27448893424861,0,0
42.99,6.27587437901872,0.0245818027557917,1.27384980987559,0,0
43,6.19005045588684,0.0245818027557917,1.27409562790315,0,0
43.01,6.13641050392941,0.0245818027557917,1.2743414459307,0,0
43.02,6.05058658079753,-0.242849512660806,1.27325010738118,0,0
43.03,5.98621863844862,-0.187466864989695,1.27109852549293,0,0
43.04,5.8574827537508,-0.152406677359627,1.26939915778118,0,0
43.05,5.7180188786615,-0.187466864989695,1.26769979006943,0,0
43.06,5.58928299396368,-0.187466864989695,1.26582512141954,0,0
43.07,5.43909112848289,0.0245818027557917,1.26501069610837,0,0
43.08,5.26744328221913,0.0245818027557917,1.26525651413592,0,0
43.09,5.14943538791279,0.0245818027557917,1.26550233216348,0,0
43.1,4.97778754164903,0.0245818027557917,1.26574815019104,0,0
43.11,4.82759567616824,0.0245818027557917,1.2659939682186,0,0
43.12,4.66667582029597,0.0245818027557917,1.26623978624616,0,0
43.13,4.51648395481518,0.0245818027557917,1.26648560427371,0,0
43.14,4.34483610855142,0.0245818027557917,1.26673142230127,0,0
43.15,4.20537223346211,0.0245818027557917,1.26697724032883,0,0
43.16,4.0015404160239,0.0245818027557917,1.26722305835639,0,0
43.17,3.82989256976014,0.0245818027557917,1.26746887638395,0,0
43.18,3.65824472349638,0.0245818027557917,1.2677146944115,0,0
43.19,3.45441290605817,0.0245818027557917,1.26796051243906,0,0
43.2,3.30422104057738,0.0245818027557917,1.26820633046662,0,0
43.21,3.16475716548807,-0.187466864989695,1.26739190515545,0,0
43.22,3.01456530000728,-0.242849512660806,1.2652403232672,0,0
43.23,2.85364544413501,0.0245818027557917,1.26414898471767,0,0
43.24,2.73563754982867,-0.187466864989695,1.2633345594065,0,0
43.25,2.61762965552234,0.0245818027557917,1.26252013409533,0,0
43.26,2.53180573239046,-0.187466864989695,1.26170570878416,0,0
43.27,2.41379783808412,0.0245818027557917,1.260891283473,0,0
43.28,2.29578994377779,0.0245818027557917,1.26113710150055,0,0
43.29,2.18851003986294,0.0245818027557917,1.26138291952811,0,0
43.3,2.03831817438215,-0.187466864989695,1.26056849421694,0,0
43.31,1.86667032811839,0.0245818027557917,1.25975406890577,0,0
43.32,1.72720645302908,0.19066293693981,1.26083029260425,0,0
43.33,1.57701458754829,0.19066293693981,1.26273692197365,0,0
43.34,1.43755071245899,0.19066293693981,1.26464355134305,0,0
43.35,1.2873588469782,0.0245818027557917,1.26571977504152,0,0
43.36,1.14789497188889,0.0245818027557917,1.26596559306908,0,0
43.37,0.976247125625134,0.19066293693981,1.26704181676756,0,0
43.38,0.815327269752859,0.19066293693981,1.26894844613696,0,0
43.39,0.643679423489099,0.19066293693981,1.27085507550636,0,0
43.4,0.493487558008309,0.0245818027557917,1.27193129920484,0,0
43.41,0.354023682919005,0.0245818027557917,1.27217711723239,0,0
43.42,0.23601578861267,-0.187466864989695,1.27136269192122,0,0
43.43,-0.160919855872275,-0.242849512660806,1.26921111003297,0,0
43.44,-0.19310382704673,0.0245818027557917,1.26811977148345,0,0
43.45,-0.225287798221185,0.0245818027557917,1.268365589511,0,0
43.46,-0.311111721353065,0.0245818027557917,1.26861140753856,0,0
43.47,-0.429119615659399,0.0245818027557917,1.26885722556612,0,0
43.48,-0.568583490748704,0.0245818027557917,1.26910304359368,0,0
43.49,-0.718775356229494,0.19066293693981,1.27017926729216,0,0
43.5,-0.836783250535829,0.19066293693981,1.27208589666155,0,0
43.51,-0.954791144842164,0.245325122751503,1.27426583696001,0,0
43.52,-1.01915908719107,0.245325122751503,1.27671908818753,0,0
43.53,-1.14789497188889,0.346070175946087,1.27967606468101,0,0
43.54,-1.20153492384632,0.346070175946087,1.28313676644047,0,0
43.55,-1.26590286619523,0.394350931500288,1.28683887197771,0,0
43.56,-1.35172678932711,0.394350931500288,1.29078238129271,0,0
43.57,-1.40536674128453,0.46378099141886,1.29507304090731,0,0
43.58,-1.55555860676532,0.423491106761017,1.2995094013982,0,0
43.59,-1.6413825298972,0.46378099141886,1.3039457618891,0,0
43.6,-1.75939042420354,0.46378099141886,1.30858357180329,0,0
43.61,-1.84521434733542,0.46378099141886,1.31322138171748,0,0
